   No        D0           lonR           latR             dR         L         W    strike       dip      rake         x         y flag
    1     0.190     179.870377     -37.254292     102.000000      5.00     10.00   151.187    79.911   151.318    -25.00    -30.00    1
    2     0.334     179.851135     -37.296638     102.000000      5.00     10.00   238.958    60.672     3.456    -20.00    -30.00    0
    3     0.485     179.831894     -37.338982     102.000000      5.00     10.00   234.376    60.175     3.652    -15.00    -30.00    0
    4     0.574     179.812607     -37.381321     102.000000      5.00     10.00   230.844    64.211     2.552    -10.00    -30.00    0
    5     0.645     179.793320     -37.423660     102.000000      5.00     10.00   226.357    68.433    -2.000     -5.00    -30.00    0
    6     0.673     179.774002     -37.466000     102.000000      5.00     10.00   223.062    69.792    -5.445      0.00    -30.00    0
    7     0.661     179.754654     -37.508331     102.000000      5.00     10.00   222.446    70.965     1.769      5.00    -30.00    0
    8     0.602     179.735306     -37.550659     102.000000      5.00     10.00   222.869    74.420    10.808     10.00    -30.00    0
    9     0.554     179.715912     -37.592991     102.000000      5.00     10.00   224.400    83.108    13.544     15.00    -30.00    0
   10     0.528     179.696503     -37.635311     102.000000      5.00     10.00   229.110    89.547    17.679     20.00    -30.00    0
   11     0.451     179.677078     -37.677631     102.000000      5.00     10.00   236.546    88.176    19.693     25.00    -30.00    0
   12     0.338     179.657623     -37.719940     102.000000      5.00     10.00   244.414    81.487    25.909     30.00    -30.00    0
   13     0.219     179.638153     -37.762249     102.000000      5.00     10.00   154.451    68.149   159.315     35.00    -30.00    1
   14     0.116     179.618668     -37.804562     102.000000      5.00     10.00   345.728    84.912  -161.775     40.00    -30.00    0
   15     0.374     179.870377     -37.254292      92.000000      5.00     10.00   330.491    52.789   162.200    -25.00    -20.00    1
   16     0.635     179.851135     -37.296638      92.000000      5.00     10.00   331.302    54.114   174.240    -20.00    -20.00    1
   17     0.798     179.831894     -37.338982      92.000000      5.00     10.00   232.289    68.741   -17.118    -15.00    -20.00    0
   18     1.005     179.812607     -37.381321      92.000000      5.00     10.00   227.611    67.563   -16.158    -10.00    -20.00    0
   19     1.133     179.793320     -37.423660      92.000000      5.00     10.00   225.286    70.370   -15.802     -5.00    -20.00    0
   20     1.199     179.774002     -37.466000      92.000000      5.00     10.00   224.590    77.816   -16.646      0.00    -20.00    0
   21     1.198     179.754654     -37.508331      92.000000      5.00     10.00   224.939    87.317   -16.747      5.00    -20.00    0
   22     1.165     179.735306     -37.550659      92.000000      5.00     10.00   314.059    72.057   171.293     10.00    -20.00    1
   23     1.113     179.715912     -37.592991      92.000000      5.00     10.00   314.051    71.795   163.122     15.00    -20.00    1
   24     1.039     179.696503     -37.635311      92.000000      5.00     10.00   315.746    72.478   155.866     20.00    -20.00    1
   25     0.915     179.677078     -37.677631      92.000000      5.00     10.00   321.198    72.465   154.823     25.00    -20.00    1
   26     0.691     179.657623     -37.719940      92.000000      5.00     10.00   326.025    68.644   155.601     30.00    -20.00    1
   27     0.445     179.638153     -37.762249      92.000000      5.00     10.00   332.342    65.286   161.756     35.00    -20.00    1
   28     0.244     179.618668     -37.804562      92.000000      5.00     10.00   340.512    52.557   174.197     40.00    -20.00    0
   29     0.415     179.870377     -37.254292      82.000000      5.00     10.00   233.617    50.759    18.762    -25.00    -10.00    0
   30     0.736     179.851135     -37.296638      82.000000      5.00     10.00   230.789    51.503    16.089    -20.00    -10.00    0
   31     1.010     179.831894     -37.338982      82.000000      5.00     10.00   227.248    54.210    10.774    -15.00    -10.00    0
   32     1.265     179.812607     -37.381321      82.000000      5.00     10.00   223.939    64.041     1.301    -10.00    -10.00    0
   33     1.443     179.793320     -37.423660      82.000000      5.00     10.00   222.802    69.067    -3.449     -5.00    -10.00    0
   34     1.484     179.774002     -37.466000      82.000000      5.00     10.00   222.495    76.765    -8.600      0.00    -10.00    0
   35     1.448     179.754654     -37.508331      82.000000      5.00     10.00   223.788    89.216   -17.271      5.00    -10.00    0
   36     1.442     179.735306     -37.550659      82.000000      5.00     10.00   311.746    62.766   167.052     10.00    -10.00    1
   37     1.355     179.715912     -37.592991      82.000000      5.00     10.00   310.474    60.559   160.126     15.00    -10.00    1
   38     1.249     179.696503     -37.635311      82.000000      5.00     10.00   309.905    62.161   153.096     20.00    -10.00    1
   39     1.066     179.677078     -37.677631      82.000000      5.00     10.00   311.236    61.846   149.911     25.00    -10.00    1
   40     0.721     179.657623     -37.719940      82.000000      5.00     10.00   313.858    62.599   150.736     30.00    -10.00    1
   41     0.395     179.638153     -37.762249      82.000000      5.00     10.00   316.281    60.883   157.151     35.00    -10.00    1
   42     0.163     179.618668     -37.804562      82.000000      5.00     10.00   196.365    77.906   -84.636     40.00    -10.00    0
   43     0.248     179.870377     -37.254292      72.000000      5.00     10.00   228.934    65.258     9.561    -25.00      0.00    0
   44     0.458     179.851135     -37.296638      72.000000      5.00     10.00   228.560    65.217     9.870    -20.00      0.00    0
   45     0.674     179.831894     -37.338982      72.000000      5.00     10.00   227.922    68.092    13.415    -15.00      0.00    0
   46     0.927     179.812607     -37.381321      72.000000      5.00     10.00   226.316    69.842    10.308    -10.00      0.00    0
   47     1.174     179.793320     -37.423660      72.000000      5.00     10.00   224.992    74.619     4.699     -5.00      0.00    0
   48     1.270     179.774002     -37.466000      72.000000      5.00     10.00   224.760    84.304    -5.085      0.00      0.00    0
   49     1.258     179.754654     -37.508331      72.000000      5.00     10.00   314.732    72.489   172.249      5.00      0.00    1
   50     1.215     179.735306     -37.550659      72.000000      5.00     10.00   311.623    63.427   158.585     10.00      0.00    1
   51     1.141     179.715912     -37.592991      72.000000      5.00     10.00   310.488    62.009   150.412     15.00      0.00    1
   52     1.020     179.696503     -37.635311      72.000000      5.00     10.00   311.483    64.617   145.207     20.00      0.00    1
   53     0.821     179.677078     -37.677631      72.000000      5.00     10.00   314.818    65.845   146.584     25.00      0.00    1
   54     0.531     179.657623     -37.719940      72.000000      5.00     10.00   320.478    72.868   147.348     30.00      0.00    1
   55     0.288     179.638153     -37.762249      72.000000      5.00     10.00   163.079    84.055  -132.144     35.00      0.00    0
   56     0.151     179.618668     -37.804562      72.000000      5.00     10.00   179.259    65.731  -126.604     40.00      0.00    0
   57     0.185     179.870377     -37.254292      62.000000      5.00     10.00   323.385    61.080   172.545    -25.00     10.00    1
   58     0.324     179.851135     -37.296638      62.000000      5.00     10.00   232.745    76.465     8.455    -20.00     10.00    0
   59     0.432     179.831894     -37.338982      62.000000      5.00     10.00   231.215    78.979    17.522    -15.00     10.00    0
   60     0.576     179.812607     -37.381321      62.000000      5.00     10.00   229.056    88.125     8.966    -10.00     10.00    0
   61     0.758     179.793320     -37.423660      62.000000      5.00     10.00   231.562    86.184    15.592     -5.00     10.00    0
   62     0.863     179.774002     -37.466000      62.000000      5.00     10.00   232.566    85.620    14.545      0.00     10.00    0
   63     0.869     179.754654     -37.508331      62.000000      5.00     10.00   232.549    89.983     8.089      5.00     10.00    0
   64     0.830     179.735306     -37.550659      62.000000      5.00     10.00   322.134    85.745   164.725     10.00     10.00    1
   65     0.816     179.715912     -37.592991      62.000000      5.00     10.00   320.547    77.812   150.357     15.00     10.00    1
   66     0.722     179.696503     -37.635311      62.000000      5.00     10.00   323.050    77.603   148.525     20.00     10.00    1
   67     0.578     179.677078     -37.677631      62.000000      5.00     10.00   327.606    82.910   149.885     25.00     10.00    1
   68     0.455     179.657623     -37.719940      62.000000      5.00     10.00   335.707    88.907   151.207     30.00     10.00    0
   69     0.331     179.638153     -37.762249      62.000000      5.00     10.00   162.755    87.149  -150.151     35.00     10.00    0
   70     0.194     179.618668     -37.804562      62.000000      5.00     10.00   339.592    71.498   168.667     40.00     10.00    0
   71     0.191     179.870377     -37.254292      52.000000      5.00     10.00   154.470    63.071   154.213    -25.00     20.00    1
   72     0.246     179.851135     -37.296638      52.000000      5.00     10.00   157.092    83.053   174.446    -20.00     20.00    0
   73     0.340     179.831894     -37.338982      52.000000      5.00     10.00   244.109    88.744    19.132    -15.00     20.00    0
   74     0.462     179.812607     -37.381321      52.000000      5.00     10.00   151.738    62.939  -178.307    -10.00     20.00    1
   75     0.573     179.793320     -37.423660      52.000000      5.00     10.00   150.387    65.751  -172.907     -5.00     20.00    1
   76     0.652     179.774002     -37.466000      52.000000      5.00     10.00   149.136    69.774  -170.541      0.00     20.00    1
   77     0.665     179.754654     -37.508331      52.000000      5.00     10.00   149.687    66.879  -174.421      5.00     20.00    1
   78     0.628     179.735306     -37.550659      52.000000      5.00     10.00    99.201    23.872    85.686     10.00     20.00    1
   79     0.577     179.715912     -37.592991      52.000000      5.00     10.00   131.807    23.183   128.369     15.00     20.00    1
   80     0.477     179.696503     -37.635311      52.000000      5.00     10.00   150.152    23.601   152.573     20.00     20.00    1
   81     0.334     179.677078     -37.677631      52.000000      5.00     10.00   163.954    29.943   167.710     25.00     20.00    0
   82     0.241     179.657623     -37.719940      52.000000      5.00     10.00   171.430    57.665  -166.277     30.00     20.00    0
   83     0.198     179.638153     -37.762249      52.000000      5.00     10.00   177.274    57.454  -167.298     35.00     20.00    0
   84     0.134     179.618668     -37.804562      52.000000      5.00     10.00   183.185    44.351  -169.967     40.00     20.00    0
   85     0.120     179.870377     -37.254292      42.000000      5.00     10.00    97.209    89.447  -123.480    -25.00     30.00    1
   86     0.266     179.851135     -37.296638      42.000000      5.00     10.00    15.941    29.704     8.540    -20.00     30.00    1
   87     0.410     179.831894     -37.338982      42.000000      5.00     10.00   356.002    31.640   -12.666    -15.00     30.00    0
   88     0.600     179.812607     -37.381321      42.000000      5.00     10.00   345.767    32.092   -20.526    -10.00     30.00    0
   89     0.766     179.793320     -37.423660      42.000000      5.00     10.00   346.027    29.451   -13.722     -5.00     30.00    0
   90     0.878     179.774002     -37.466000      42.000000      5.00     10.00   -14.185    26.491    -9.913      0.00     30.00    1
   91     0.900     179.754654     -37.508331      42.000000      5.00     10.00   -13.079    26.697    -8.148      5.00     30.00    1
   92     0.835     179.735306     -37.550659      42.000000      5.00     10.00   349.103    31.792    -9.906     10.00     30.00    0
   93     0.795     179.715912     -37.592991      42.000000      5.00     10.00   348.105    32.968   -11.265     15.00     30.00    0
   94     0.786     179.696503     -37.635311      42.000000      5.00     10.00   343.797    32.445   -14.000     20.00     30.00    0
   95     0.694     179.677078     -37.677631      42.000000      5.00     10.00   340.788    31.425   -15.486     25.00     30.00    0
   96     0.527     179.657623     -37.719940      42.000000      5.00     10.00    84.818    77.764  -119.256     30.00     30.00    1
   97     0.383     179.638153     -37.762249      42.000000      5.00     10.00    81.598    73.363  -119.240     35.00     30.00    1
   98     0.212     179.618668     -37.804562      42.000000      5.00     10.00    75.496    72.082  -122.015     40.00     30.00    1
   99     0.133     179.870377     -37.254292      32.000000      5.00     10.00    37.051    53.879    34.348    -25.00     40.00    1
  100     0.245     179.851135     -37.296638      32.000000      5.00     10.00   280.212    67.185   139.466    -20.00     40.00    1
  101     0.347     179.831894     -37.338982      32.000000      5.00     10.00   276.704    87.169   139.599    -15.00     40.00    1
  102     0.533     179.812607     -37.381321      32.000000      5.00     10.00   354.896    47.293   -11.583    -10.00     40.00    0
  103     0.758     179.793320     -37.423660      32.000000      5.00     10.00   346.812    42.984   -15.661     -5.00     40.00    0
  104     0.926     179.774002     -37.466000      32.000000      5.00     10.00   343.242    40.523   -16.199      0.00     40.00    0
  105     1.026     179.754654     -37.508331      32.000000      5.00     10.00   340.942    38.480   -15.237      5.00     40.00    0
  106     1.022     179.735306     -37.550659      32.000000      5.00     10.00   339.489    38.936   -15.680     10.00     40.00    0
  107     0.964     179.715912     -37.592991      32.000000      5.00     10.00   337.496    38.664   -16.212     15.00     40.00    0
  108     0.900     179.696503     -37.635311      32.000000      5.00     10.00   335.041    35.125   -14.521     20.00     40.00    0
  109     0.784     179.677078     -37.677631      32.000000      5.00     10.00   333.203    39.930   -18.952     25.00     40.00    1
  110     0.637     179.657623     -37.719940      32.000000      5.00     10.00   334.491    50.945   -27.008     30.00     40.00    1
  111     0.496     179.638153     -37.762249      32.000000      5.00     10.00   343.034    69.228   -45.072     35.00     40.00    0
  112     0.289     179.618668     -37.804562      32.000000      5.00     10.00   340.647    70.536   -49.023     40.00     40.00    0
  113     0.210     179.870377     -37.254292      22.000000      5.00     10.00    77.101    33.367    41.414    -25.00     50.00    1
  114     0.362     179.851135     -37.296638      22.000000      5.00     10.00    75.512    31.278    45.097    -20.00     50.00    1
  115     0.387     179.831894     -37.338982      22.000000      5.00     10.00    68.374    26.045    48.537    -15.00     50.00    1
  116     0.425     179.812607     -37.381321      22.000000      5.00     10.00    45.370    21.020    39.524    -10.00     50.00    1
  117     0.528     179.793320     -37.423660      22.000000      5.00     10.00    20.073    20.220    26.397     -5.00     50.00    1
  118     0.641     179.774002     -37.466000      22.000000      5.00     10.00     6.740    20.532    19.959      0.00     50.00    1
  119     0.717     179.754654     -37.508331      22.000000      5.00     10.00     0.038    19.930    18.910      5.00     50.00    1
  120     0.748     179.735306     -37.550659      22.000000      5.00     10.00   353.274    19.701    17.219     10.00     50.00    0
  121     0.734     179.715912     -37.592991      22.000000      5.00     10.00   239.848    83.680   105.930     15.00     50.00    0
  122     0.702     179.696503     -37.635311      22.000000      5.00     10.00   227.426    81.706    95.894     20.00     50.00    0
  123     0.623     179.677078     -37.677631      22.000000      5.00     10.00   218.759    80.809    89.003     25.00     50.00    0
  124     0.511     179.657623     -37.719940      22.000000      5.00     10.00   212.419    80.815    84.889     30.00     50.00    0
  125     0.355     179.638153     -37.762249      22.000000      5.00     10.00   204.424    82.883    81.478     35.00     50.00    0
  126     0.207     179.618668     -37.804562      22.000000      5.00     10.00   197.942    84.929    81.682     40.00     50.00    0
  127     0.158     179.870377     -37.254292      12.000000      5.00     10.00   158.815    19.245   111.784    -25.00     60.00    0
  128     0.272     179.851135     -37.296638      12.000000      5.00     10.00   168.556    18.447   123.225    -20.00     60.00    0
  129     0.327     179.831894     -37.338982      12.000000      5.00     10.00   181.962    21.184   139.521    -15.00     60.00    0
  130     0.345     179.812607     -37.381321      12.000000      5.00     10.00   194.620    23.781   153.578    -10.00     60.00    0
  131     0.334     179.793320     -37.423660      12.000000      5.00     10.00   199.844    27.967   162.168     -5.00     60.00    0
  132     0.316     179.774002     -37.466000      12.000000      5.00     10.00   201.372    31.941   168.591      0.00     60.00    0
  133     0.349     179.754654     -37.508331      12.000000      5.00     10.00   241.500    89.793   115.953      5.00     60.00    0
  134     0.397     179.735306     -37.550659      12.000000      5.00     10.00    56.368    88.999  -117.675     10.00     60.00    1
  135     0.410     179.715912     -37.592991      12.000000      5.00     10.00    52.568    89.073  -117.572     15.00     60.00    1
  136     0.393     179.696503     -37.635311      12.000000      5.00     10.00   226.586    89.525   119.558     20.00     60.00    0
  137     0.358     179.677078     -37.677631      12.000000      5.00     10.00   221.741    88.273   121.518     25.00     60.00    0
  138     0.299     179.657623     -37.719940      12.000000      5.00     10.00   217.765    87.846   122.591     30.00     60.00    0
  139     0.226     179.638153     -37.762249      12.000000      5.00     10.00   305.371    34.994    -1.552     35.00     60.00    1
  140     0.100     179.618668     -37.804562      12.000000      5.00     10.00   207.348    87.754   128.760     40.00     60.00    0
