   No           lonR           latR             dR        D0    strike       dip      rake   strike2      dip2     rake2         x         y flag
    1     179.870377     -37.254292     102.000000     0.190   151.187    79.911   151.318   246.661    61.802    11.465    -25.00    -30.00    1
    2     179.851135     -37.296638     102.000000     0.334   147.263    86.988   150.628   238.958    60.672     3.456    -20.00    -30.00    0
    3     179.831894     -37.338982     102.000000     0.485   142.557    86.832   150.125   234.376    60.175     3.652    -15.00    -30.00    0
    4     179.812607     -37.381321     102.000000     0.574   139.733    87.702   154.188   230.844    64.211     2.552    -10.00    -30.00    0
    5     179.793320     -37.423660     102.000000     0.645   317.092    88.140  -158.421   226.357    68.433    -2.000     -5.00    -30.00    0
    6     179.774002     -37.466000     102.000000     0.673   314.948    84.891  -159.708   223.062    69.792    -5.445      0.00    -30.00    0
    7     179.754654     -37.508331     102.000000     0.661   131.869    88.328   160.957   222.446    70.965     1.769      5.00    -30.00    0
    8     179.735306     -37.550659     102.000000     0.602   129.934    79.594   164.153   222.869    74.420    10.808     10.00    -30.00    0
    9     179.715912     -37.592991     102.000000     0.554   132.744    76.555   172.913   224.400    83.108    13.544     15.00    -30.00    0
   10     179.696503     -37.635311     102.000000     0.528   138.966    72.322   179.524   229.110    89.547    17.679     20.00    -30.00    0
   11     179.677078     -37.677631     102.000000     0.451   145.893    70.317   178.063   236.546    88.176    19.693     25.00    -30.00    0
   12     179.657623     -37.719940     102.000000     0.338   150.301    64.397   170.552   244.414    81.487    25.909     30.00    -30.00    0
   13     179.638153     -37.762249     102.000000     0.219   154.451    68.149   159.315   252.450    70.862    23.201     35.00    -30.00    1
   14     179.618668     -37.804562     102.000000     0.116   345.728    84.912  -161.775   254.055    71.849    -5.355     40.00    -30.00    0
   15     179.870377     -37.254292      92.000000     0.374   330.491    52.789   162.200    71.479    75.910    38.573    -25.00    -20.00    1
   16     179.851135     -37.296638      92.000000     0.635   331.302    54.114   174.240    64.686    85.336    36.024    -20.00    -20.00    1
   17     179.831894     -37.338982      92.000000     0.798   328.661    74.079  -157.849   232.289    68.741   -17.118    -15.00    -20.00    0
   18     179.812607     -37.381321      92.000000     1.005   323.921    75.095  -156.736   227.611    67.563   -16.158    -10.00    -20.00    0
   19     179.793320     -37.423660      92.000000     1.133   320.716    75.139  -159.661   225.286    70.370   -15.802     -5.00    -20.00    0
   20     179.774002     -37.466000      92.000000     1.199   318.200    73.739  -167.300   224.590    77.816   -16.646      0.00    -20.00    0
   21     179.754654     -37.508331      92.000000     1.198   315.746    73.272  -177.198   224.939    87.317   -16.747      5.00    -20.00    0
   22     179.735306     -37.550659      92.000000     1.165   314.059    72.057   171.293    46.760    81.720    18.139     10.00    -20.00    1
   23     179.715912     -37.592991      92.000000     1.113   314.051    71.795   163.122    49.466    73.990    18.967     15.00    -20.00    1
   24     179.696503     -37.635311      92.000000     1.039   315.746    72.478   155.866    53.428    67.052    19.083     20.00    -20.00    1
   25     179.677078     -37.677631      92.000000     0.915   321.198    72.465   154.823    59.259    66.068    19.246     25.00    -20.00    1
   26     179.657623     -37.719940      92.000000     0.691   326.025    68.644   155.601    65.405    67.374    23.237     30.00    -20.00    1
   27     179.638153     -37.762249      92.000000     0.445   332.342    65.286   161.756    70.189    73.477    25.855     35.00    -20.00    1
   28     179.618668     -37.804562      92.000000     0.244   340.512    52.557   174.197    74.048    85.395    37.585     40.00    -20.00    0
   29     179.870377     -37.254292      82.000000     0.415   131.489    75.575   139.219   233.617    50.759    18.762    -25.00    -10.00    0
   30     179.851135     -37.296638      82.000000     0.736   130.610    77.473   140.383   230.789    51.503    16.089    -20.00    -10.00    0
   31     179.831894     -37.338982      82.000000     1.010   130.898    81.278   143.726   227.248    54.210    10.774    -15.00    -10.00    0
   32     179.812607     -37.381321      82.000000     1.265   133.369    88.830   154.035   223.939    64.041     1.301    -10.00    -10.00    0
   33     179.793320     -37.423660      82.000000     1.443   314.035    86.779  -159.033   222.802    69.067    -3.449     -5.00    -10.00    0
   34     179.774002     -37.466000      82.000000     1.484   314.478    81.630  -166.620   222.495    76.765    -8.600      0.00    -10.00    0
   35     179.754654     -37.508331      82.000000     1.448   314.032    72.731  -179.179   223.788    89.216   -17.271      5.00    -10.00    0
   36     179.735306     -37.550659      82.000000     1.442   311.746    62.766   167.052    47.752    78.509    27.839     10.00    -10.00    1
   37     179.715912     -37.592991      82.000000     1.355   310.474    60.559   160.126    50.549    72.779    30.970     15.00    -10.00    1
   38     179.696503     -37.635311      82.000000     1.249   309.905    62.161   153.096    53.236    66.414    30.634     20.00    -10.00    1
   39     179.677078     -37.677631      82.000000     1.066   311.236    61.846   149.911    56.526    63.767    31.737     25.00    -10.00    1
   40     179.657623     -37.719940      82.000000     0.721   313.858    62.599   150.736    58.319    64.279    30.719     30.00    -10.00    1
   41     179.638153     -37.762249      82.000000     0.395   316.281    60.883   157.151    57.868    70.170    31.149     35.00    -10.00    1
   42     179.618668     -37.804562      82.000000     0.163   196.365    77.906   -84.636   352.225    13.214  -113.572     40.00    -10.00    0
   43     179.870377     -37.254292      72.000000     0.248   134.902    81.324   154.952   228.934    65.258     9.561    -25.00      0.00    0
   44     179.851135     -37.296638      72.000000     0.458   134.389    81.047   154.890   228.560    65.217     9.870    -20.00      0.00    0
   45     179.831894     -37.338982      72.000000     0.674   132.836    77.570   157.538   227.922    68.092    13.415    -15.00      0.00    0
   46     179.812607     -37.381321      72.000000     0.927   132.730    80.330   159.538   226.316    69.842    10.308    -10.00      0.00    0
   47     179.793320     -37.423660      72.000000     1.174   133.743    85.470   164.570   224.992    74.619     4.699     -5.00      0.00    0
   48     179.774002     -37.466000      72.000000     1.270   315.266    84.940  -174.281   224.760    84.304    -5.085      0.00      0.00    0
   49     179.754654     -37.508331      72.000000     1.258   314.732    72.489   172.249    47.077    82.610    17.662      5.00      0.00    1
   50     179.735306     -37.550659      72.000000     1.215   311.623    63.427   158.585    51.574    70.941    28.248     10.00      0.00    1
   51     179.715912     -37.592991      72.000000     1.141   310.488    62.009   150.412    55.410    64.151    31.433     15.00      0.00    1
   52     179.696503     -37.635311      72.000000     1.020   311.483    64.617   145.207    58.069    58.967    30.017     20.00      0.00    1
   53     179.677078     -37.677631      72.000000     0.821   314.818    65.845   146.584    59.927    59.835    28.249     25.00      0.00    1
   54     179.657623     -37.719940      72.000000     0.531   320.478    72.868   147.348    61.167    58.963    20.108     30.00      0.00    1
   55     179.638153     -37.762249      72.000000     0.288   163.079    84.055  -132.144    66.550    42.483    -8.822     35.00      0.00    0
   56     179.618668     -37.804562      72.000000     0.151   179.259    65.731  -126.604    60.301    42.960   -37.093     40.00      0.00    0
   57     179.870377     -37.254292      62.000000     0.185   323.385    61.080   172.545    57.005    83.479    29.126    -25.00     10.00    1
   58     179.851135     -37.296638      62.000000     0.324   140.752    81.782   166.322   232.745    76.465     8.455    -20.00     10.00    0
   59     179.831894     -37.338982      62.000000     0.432   137.761    72.811   168.457   231.215    78.979    17.522    -15.00     10.00    0
   60     179.812607     -37.381321      62.000000     0.576   138.760    81.039   178.101   229.056    88.125     8.966    -10.00     10.00    0
   61     179.793320     -37.423660      62.000000     0.758   140.498    74.443   176.039   231.562    86.184    15.592     -5.00     10.00    0
   62     179.774002     -37.466000      62.000000     0.863   141.431    75.498   175.475   232.566    85.620    14.545      0.00     10.00    0
   63     179.754654     -37.508331      62.000000     0.869   142.546    81.911   179.982   232.549    89.983     8.089      5.00     10.00    0
   64     179.735306     -37.550659      62.000000     0.830   322.134    85.745   164.725    53.295    74.768     4.410     10.00     10.00    1
   65     179.715912     -37.592991      62.000000     0.816   320.547    77.812   150.357    57.398    61.089    13.957     15.00     10.00    1
   66     179.696503     -37.635311      62.000000     0.722   323.050    77.603   148.525    60.537    59.340    14.452     20.00     10.00    1
   67     179.677078     -37.677631      62.000000     0.578   327.606    82.910   149.885    61.700    60.139     8.182     25.00     10.00    1
   68     179.657623     -37.719940      62.000000     0.455   335.707    88.907   151.207    66.308    61.212     1.247     30.00     10.00    0
   69     179.638153     -37.762249      62.000000     0.331   162.755    87.149  -150.151    71.119    60.192    -3.287     35.00     10.00    0
   70     179.618668     -37.804562      62.000000     0.194   339.592    71.498   168.667    73.231    79.260    18.845     40.00     10.00    0
   71     179.870377     -37.254292      52.000000     0.191   154.470    63.071   154.213   256.812    67.179    29.430    -25.00     20.00    1
   72     179.851135     -37.296638      52.000000     0.246   157.092    83.053   174.446   247.766    84.487     6.980    -20.00     20.00    0
   73     179.831894     -37.338982      52.000000     0.340   153.673    70.873   178.670   244.109    88.744    19.132    -15.00     20.00    0
   74     179.812607     -37.381321      52.000000     0.462   151.738    62.939  -178.307    60.968    88.492   -27.072    -10.00     20.00    1
   75     179.793320     -37.423660      52.000000     0.573   150.387    65.751  -172.907    57.461    83.535   -24.415     -5.00     20.00    1
   76     179.774002     -37.466000      52.000000     0.652   149.136    69.774  -170.541    55.840    81.129   -20.481      0.00     20.00    1
   77     179.754654     -37.508331      52.000000     0.665   149.687    66.879  -174.421    57.490    84.870   -23.220      5.00     20.00    1
   78     179.735306     -37.550659      52.000000     0.628    99.201    23.872    85.686   283.917    66.200    91.907     10.00     20.00    1
   79     179.715912     -37.592991      52.000000     0.577   131.807    23.183   128.369   271.071    72.022    75.114     15.00     20.00    1
   80     179.696503     -37.635311      52.000000     0.477   150.152    23.601   152.573   265.585    79.373    68.804     20.00     20.00    1
   81     179.677078     -37.677631      52.000000     0.334   163.954    29.943   167.710   264.644    83.901    60.628     25.00     20.00    0
   82     179.657623     -37.719940      52.000000     0.241   171.430    57.665  -166.277    73.988    78.438   -33.090     30.00     20.00    0
   83     179.638153     -37.762249      52.000000     0.198   177.274    57.454  -167.298    80.360    79.318   -33.193     35.00     20.00    0
   84     179.618668     -37.804562      52.000000     0.134   183.185    44.351  -169.967    85.975    83.005   -46.091     40.00     20.00    0
   85     179.870377     -37.254292      42.000000     0.120    97.209    89.447  -123.480     6.374    33.484    -1.001    -25.00     30.00    1
   86     179.851135     -37.296638      42.000000     0.266    15.941    29.704     8.540   278.510    85.780   119.430    -20.00     30.00    1
   87     179.831894     -37.338982      42.000000     0.410    96.834    83.395  -121.013   356.002    31.640   -12.666    -15.00     30.00    0
   88     179.812607     -37.381321      42.000000     0.600    93.365    79.264  -120.425   345.767    32.092   -20.526    -10.00     30.00    0
   89     179.793320     -37.423660      42.000000     0.766    88.031    83.302  -118.746   346.027    29.451   -13.722     -5.00     30.00    0
   90     179.774002     -37.466000      42.000000     0.878   -14.185    26.491    -9.913    84.704    85.596  -116.149      0.00     30.00    1
   91     179.754654     -37.508331      42.000000     0.900   -13.079    26.697    -8.148    84.211    86.349  -116.465      5.00     30.00    1
   92     179.735306     -37.550659      42.000000     0.835    87.545    84.800  -121.408   349.103    31.792    -9.906     10.00     30.00    0
   93     179.715912     -37.592991      42.000000     0.795   348.105    32.968   -11.265    87.593    83.898  -122.462     15.00     30.00    0
   94     179.696503     -37.635311      42.000000     0.786    85.680    82.542  -121.668   343.797    32.445   -14.000     20.00     30.00    0
   95     179.677078     -37.677631      42.000000     0.694    84.090    81.998  -120.491   340.788    31.425   -15.486     25.00     30.00    0
   96     179.657623     -37.719940      42.000000     0.527    84.818    77.764  -119.256   334.094    31.501   -23.929     30.00     30.00    1
   97     179.638153     -37.762249      42.000000     0.383    81.598    73.363  -119.240   324.511    33.274   -31.455     35.00     30.00    1
   98     179.618668     -37.804562      42.000000     0.212    75.496    72.082  -122.015   319.295    36.217   -31.380     40.00     30.00    1
   99     179.870377     -37.254292      32.000000     0.133    37.051    53.879    34.348   285.109    62.886   138.526    -25.00     40.00    1
  100     179.851135     -37.296638      32.000000     0.245   280.212    67.185   139.466    28.556    53.198    28.965    -20.00     40.00    1
  101     179.831894     -37.338982      32.000000     0.347   276.704    87.169   139.599     9.111    49.658     3.715    -15.00     40.00    1
  102     179.812607     -37.381321      32.000000     0.533    92.810    81.515  -136.705   354.896    47.293   -11.583    -10.00     40.00    0
  103     179.793320     -37.423660      32.000000     0.758   346.812    42.984   -15.661    88.402    79.395  -131.905     -5.00     40.00    0
  104     179.774002     -37.466000      32.000000     0.926   343.242    40.523   -16.199    85.695    79.557  -129.381      0.00     40.00    0
  105     179.754654     -37.508331      32.000000     1.026   340.942    38.480   -15.237    82.979    80.588  -127.486      5.00     40.00    0
  106     179.735306     -37.550659      32.000000     1.022   339.489    38.936   -15.680    81.806    80.221  -127.878     10.00     40.00    0
  107     179.715912     -37.592991      32.000000     0.964   337.496    38.664   -16.212    80.287    79.955  -127.535     15.00     40.00    0
  108     179.696503     -37.635311      32.000000     0.900   335.041    35.125   -14.521    77.002    81.706  -124.255     20.00     40.00    0
  109     179.677078     -37.677631      32.000000     0.784   333.203    39.930   -18.952    77.955    77.968  -128.366     25.00     40.00    1
  110     179.657623     -37.719940      32.000000     0.637   334.491    50.945   -27.008    82.296    69.351  -137.676     30.00     40.00    1
  111     179.638153     -37.762249      32.000000     0.496    92.607    48.549  -151.759   343.034    69.228   -45.072     35.00     40.00    0
  112     179.618668     -37.804562      32.000000     0.289    91.636    44.617  -151.678   340.647    70.536   -49.023     40.00     40.00    0
  113     179.870377     -37.254292      22.000000     0.210    77.101    33.367    41.414   310.723    68.665   116.284    -25.00     50.00    1
  114     179.851135     -37.296638      22.000000     0.362    75.512    31.278    45.097   304.897    68.424   113.211    -20.00     50.00    1
  115     179.831894     -37.338982      22.000000     0.387    68.374    26.045    48.537   292.895    70.790   107.931    -15.00     50.00    1
  116     179.812607     -37.381321      22.000000     0.425    45.370    21.020    39.524   277.769    76.805   106.510    -10.00     50.00    1
  117     179.793320     -37.423660      22.000000     0.528    20.073    20.220    26.397   265.100    81.161   108.259     -5.00     50.00    1
  118     179.774002     -37.466000      22.000000     0.641     6.740    20.532    19.959   257.957    83.124   109.394      0.00     50.00    1
  119     179.754654     -37.508331      22.000000     0.717     0.038    19.930    18.910   252.187    83.657   108.933      5.00     50.00    1
  120     179.735306     -37.550659      22.000000     0.748   353.274    19.701    17.219   247.009    84.273   108.882     10.00     50.00    0
  121     179.715912     -37.592991      22.000000     0.734   239.848    83.680   105.930   350.940    17.107    21.977     15.00     50.00    0
  122     179.696503     -37.635311      22.000000     0.702   227.426    81.706    95.894    11.838    10.163    54.839     20.00     50.00    0
  123     179.677078     -37.677631      22.000000     0.623   218.759    80.809    89.003    44.976     9.244    96.136     25.00     50.00    0
  124     179.657623     -37.719940      22.000000     0.511   212.419    80.815    84.889    61.683    10.501   118.853     30.00     50.00    0
  125     179.638153     -37.762249      22.000000     0.355   204.424    82.883    81.478    74.841    11.086   139.886     35.00     50.00    0
  126     179.618668     -37.804562      22.000000     0.207   197.942    84.929    81.682    76.788     9.733   148.477     40.00     50.00    0
  127     179.870377     -37.254292      12.000000     0.158   158.815    19.245   111.784   315.872    72.177    82.618    -25.00     60.00    0
  128     179.851135     -37.296638      12.000000     0.272   168.556    18.447   123.225   313.932    74.651    79.642    -20.00     60.00    0
  129     179.831894     -37.338982      12.000000     0.327   181.962    21.184   139.521   310.474    76.433    73.575    -15.00     60.00    0
  130     179.812607     -37.381321      12.000000     0.345   194.620    23.781   153.578   309.071    79.663    68.465    -10.00     60.00    0
  131     179.793320     -37.423660      12.000000     0.334   199.844    27.967   162.168   305.704    81.743    63.185     -5.00     60.00    0
  132     179.774002     -37.466000      12.000000     0.316   301.089    83.993    58.570   201.372    31.941   168.591      0.00     60.00    0
  133     179.754654     -37.508331      12.000000     0.349   241.500    89.793   115.953   331.925    25.954     0.475      5.00     60.00    0
  134     179.735306     -37.550659      12.000000     0.397    56.368    88.999  -117.675   324.461    27.691    -2.153     10.00     60.00    1
  135     179.715912     -37.592991      12.000000     0.410    52.568    89.073  -117.572   320.794    27.587    -2.002     15.00     60.00    1
  136     179.696503     -37.635311      12.000000     0.393   317.423    29.562     0.963   226.586    89.525   119.558     20.00     60.00    0
  137     179.677078     -37.677631      12.000000     0.358   314.555    31.560     3.301   221.741    88.273   121.518     25.00     60.00    0
  138     179.657623     -37.719940      12.000000     0.299   311.130    32.654     3.995   217.765    87.846   122.591     30.00     60.00    0
  139     179.638153     -37.762249      12.000000     0.226   305.371    34.994    -1.552    36.642    89.110  -124.984     35.00     60.00    1
  140     179.618668     -37.804562      12.000000     0.100   300.142    38.815     3.584   207.348    87.754   128.760     40.00     60.00    0
