     179.870377     -37.254292     102.000000       0.189600       2.960000      -8.000000       5.040000       1.790000      -3.380000       5.475000   26
     179.851135     -37.296638     102.000000       0.333600       0.355000      -1.462000       1.107000       0.590000      -0.558000       0.716500   26
     179.831894     -37.338982     102.000000       0.485200       0.314500      -2.164000       1.849500       0.776000      -0.896000       0.666500   26
     179.812607     -37.381321     102.000000       0.574000       0.162500      -2.619500       2.457000       0.762500      -0.981000       0.486500   26
     179.793320     -37.423660     102.000000       0.645100      -0.040000      -2.971500       3.011500       0.896000      -0.786000       0.185000   26
     179.774002     -37.466000     102.000000       0.673100      -0.210000      -3.039000       3.249000       1.010000      -0.613500      -0.109500   26
     179.754654     -37.508331     102.000000       0.661200      -0.150000      -3.027500       3.177500       0.670000      -0.880500      -0.329000   26
     179.735306     -37.550659     102.000000       0.601800       0.005000      -2.805000       2.800000       0.233000      -1.049000      -0.364000   26
     179.715912     -37.592991     102.000000       0.553600       0.206500      -2.775000       2.568500      -0.217000      -0.655000      -0.135000   26
     179.696503     -37.635311     102.000000       0.528300       0.324000      -2.658500       2.334500      -0.693000      -0.419000       0.329000   26
     179.677078     -37.677631     102.000000       0.451200       0.266500      -2.108000       1.841500      -0.655500      -0.364000       0.791500   26
     179.657623     -37.719940     102.000000       0.337600       0.235000      -1.359000       1.124000      -0.541500      -0.490500       0.856000   26
     179.638153     -37.762249     102.000000       0.219200       2.765000      -7.970000       5.205000      -2.205000      -4.085000       7.035000   26
     179.618668     -37.804562     102.000000       0.116300       1.005000      -3.150000       2.145000       1.640000      -1.625000       4.755000   26
     179.870377     -37.254292      92.000000       0.374400       0.888500      -1.815500       0.927000       0.881000      -0.025000       0.951000   26
     179.851135     -37.296638      92.000000       0.634700       1.026000      -2.902500       1.876500       1.929500      -0.055500       1.260000   26
     179.831894     -37.338982      92.000000       0.797700       0.426000      -3.278500       2.852500       2.602500      -0.613500       1.253000   26
     179.812607     -37.381321      92.000000       1.004600       0.198000      -4.223500       4.025500       3.032500      -0.596000       0.946500   26
     179.793320     -37.423660      92.000000       1.133400       0.271000      -5.041000       4.770000       3.114000      -0.382500       0.576000   26
     179.774002     -37.466000      92.000000       1.199300       0.843000      -5.875500       5.032500       2.886500       0.110500       0.217500   26
     179.754654     -37.508331      92.000000       1.198400       1.476000      -6.433500       4.957500       2.039000       0.564500      -0.045500   26
     179.735306     -37.550659      92.000000       1.165000       1.870500      -6.529000       4.658500       0.982500       1.031000      -0.011000   26
     179.715912     -37.592991      92.000000       1.113100       2.077500      -6.307500       4.230000       0.249000       1.241000       0.299500   26
     179.696503     -37.635311      92.000000       1.039000       2.252000      -5.900000       3.648000      -0.405500       1.220000       0.846000   26
     179.677078     -37.677631      92.000000       0.915000       1.989000      -4.946001       2.957000      -0.319500       1.148000       1.556500   26
     179.657623     -37.719940      92.000000       0.690800       1.398000      -3.361500       1.963500       0.215500       1.031500       1.637000   26
     179.638153     -37.762249      92.000000       0.444600       0.709000      -1.833500       1.124500       0.536500       0.622500       1.329000   26
     179.618668     -37.804562      92.000000       0.243600       0.455000      -5.370000       4.915000       6.625000       3.965000       8.015000   26
     179.870377     -37.254292      82.000000       0.415100       1.019000      -2.321000       1.302000       1.011500      -0.276000       0.458000   26
     179.851135     -37.296638      82.000000       0.735700       1.646000      -4.010000       2.364000       1.822500      -0.596500       0.549000   26
     179.831894     -37.338982      82.000000       1.009900       1.867500      -5.288000       3.420500       2.507500      -0.979000       0.370000   26
     179.812607     -37.381321      82.000000       1.264700       2.025000      -6.745000       4.720000       2.971500      -0.786000       0.116000   26
     179.793320     -37.423660      82.000000       1.442800       2.229000      -7.753500       5.524500       3.362500      -0.543500      -0.074000   26
     179.774002     -37.466000      82.000000       1.484100       2.257500      -8.114500       5.857000       3.085000      -0.108000      -0.297000   26
     179.754654     -37.508331      82.000000       1.448200       2.417500      -8.093000       5.675499       2.468500       0.684500      -0.450500   26
     179.735306     -37.550659      82.000000       1.441700       2.728500      -7.952500       5.224000       1.979000       1.661500      -0.343500   26
     179.715912     -37.592991      82.000000       1.355500       2.805500      -7.403500       4.598000       1.392500       2.026500      -0.080000   26
     179.696503     -37.635311      82.000000       1.248700       2.772000      -6.724500       3.952500       0.481000       2.280000       0.250000   26
     179.677078     -37.677631      82.000000       1.065500       2.360500      -5.471000       3.110500       0.309500       2.338500       0.577500   26
     179.657623     -37.719940      82.000000       0.721100       1.412000      -3.504000       2.092000       0.274500       1.799500       0.605000   26
     179.638153     -37.762249      82.000000       0.395300       0.435000      -1.671500       1.236500       0.345000       1.234000       0.409000   26
     179.618668     -37.804562      82.000000       0.163300      -0.970000      -4.425000       5.395000       1.605000       7.244999       2.100000   26
     179.870377     -37.254292      72.000000       0.248300       0.428500      -1.360000       0.931500       0.340500      -0.268500       0.121000   26
     179.851135     -37.296638      72.000000       0.457600       0.638500      -2.413500       1.775000       0.562500      -0.615000       0.163000   26
     179.831894     -37.338982      72.000000       0.674000       0.974500      -3.612500       2.638000       0.493500      -0.948500       0.083000   26
     179.812607     -37.381321      72.000000       0.927000       1.558500      -5.183500       3.625000       0.849000      -0.913000       0.015500   26
     179.793320     -37.423660      72.000000       1.174500       2.219500      -6.825499       4.605999       1.220000      -0.603000      -0.019000   26
     179.774002     -37.466000      72.000000       1.270500       2.479500      -7.501500       5.022000       1.359000      -0.019500       0.007000   26
     179.754654     -37.508331      72.000000       1.257600       2.559000      -7.371000       4.812000       1.235000       0.751000       0.055500   26
     179.735306     -37.550659      72.000000       1.214900       2.777000      -6.929500       4.152500       0.845500       1.500500       0.181000   26
     179.715912     -37.592991      72.000000       1.141000       2.752000      -6.219500       3.467500       0.300500       1.993500       0.476500   26
     179.696503     -37.635311      72.000000       1.020300       2.397500      -5.232500       2.835000      -0.245500       2.242500       0.705000   26
     179.677078     -37.677631      72.000000       0.821400       1.719500      -4.016500       2.297000      -0.092000       1.996500       0.836000   26
     179.657623     -37.719940      72.000000       0.530600       0.563000      -2.216000       1.653000      -0.084500       1.664000       0.694500   26
     179.638153     -37.762249      72.000000       0.288400      -0.319000      -0.692500       1.011500       0.028500       1.059500       0.642000   26
     179.618668     -37.804562      72.000000       0.150600      -4.525000      -0.135000       4.660000      -1.855000       3.965000       4.050000   26
     179.870377     -37.254292      62.000000       0.185000       2.255000      -8.935000       6.680000       3.645000       1.975000       2.555000   26
     179.851135     -37.296638      62.000000       0.323900       0.572000      -1.824000       1.252000       0.130000      -0.233000       0.383000   26
     179.831894     -37.338982      62.000000       0.432300       0.588500      -2.334500       1.746000      -0.251000      -0.478000       0.306000   26
     179.812607     -37.381321      62.000000       0.575500       0.614000      -3.127500       2.513500      -0.347000      -0.238500       0.376500   26
     179.793320     -37.423660      62.000000       0.758000       0.845500      -4.015000       3.169500      -0.775000      -0.528500       0.726000   26
     179.774002     -37.466000      62.000000       0.862700       1.132500      -4.647500       3.515000      -0.803000      -0.522500       0.970000   26
     179.754654     -37.508331      62.000000       0.869100       1.412500      -4.865500       3.453000      -0.669000      -0.131000       1.099500   26
     179.735306     -37.550659      62.000000       0.830400       1.661000      -4.708000       3.047000      -0.829000       0.505000       1.153500   26
     179.715912     -37.592991      62.000000       0.816200       1.779000      -4.379000       2.600000      -1.139000       0.952000       1.370500   26
     179.696503     -37.635311      62.000000       0.722200       1.484500      -3.635500       2.151000      -0.993000       1.027500       1.486000   26
     179.677078     -37.677631      62.000000       0.578000       0.854000      -2.592500       1.738500      -0.881500       0.971500       1.380000   26
     179.657623     -37.719940      62.000000       0.455300       0.067000      -1.511500       1.444500      -0.438000       1.003500       1.340500   26
     179.638153     -37.762249      62.000000       0.330600      -0.411500      -0.728500       1.140000       0.023500       0.833500       1.116000   26
     179.618668     -37.804562      62.000000       0.193900      -2.345000      -3.880000       6.225000       2.760000       4.680000       7.020000   26
     179.870377     -37.254292      52.000000       0.190900       5.400000      -8.465000       3.065000      -1.310000      -0.950000       6.910000   26
     179.851135     -37.296638      52.000000       0.246300       0.321000      -1.027500       0.706500      -0.072500      -0.097500       0.861000   26
     179.831894     -37.338982      52.000000       0.340200       0.435000      -1.515500       1.080500      -0.572000      -0.064000       0.956500   26
     179.812607     -37.381321      52.000000       0.462300       0.557000      -2.071000       1.514000      -1.231500      -0.003500       0.987500   26
     179.793320     -37.423660      52.000000       0.573200       0.824500      -2.697500       1.873000      -1.758500       0.222500       1.009500   26
     179.774002     -37.466000      52.000000       0.651600       1.125000      -3.221000       2.096000      -1.985500       0.322500       1.090000   26
     179.754654     -37.508331      52.000000       0.665300       1.336000      -3.385000       2.049000      -2.036000       0.358000       1.139500   26
     179.735306     -37.550659      52.000000       0.627800       1.338500      -3.056000       1.717500      -2.063500       0.462500       1.107500   26
     179.715912     -37.592991      52.000000       0.577500       1.073500      -2.280000       1.206500      -2.213500       0.300000       0.929500   26
     179.696503     -37.635311      52.000000       0.477000       0.548000      -1.347000       0.799000      -2.056500       0.096000       0.769500   26
     179.677078     -37.677631      52.000000       0.333700       0.218500      -0.764500       0.546000      -1.420000       0.176000       0.747000   26
     179.657623     -37.719940      52.000000       0.241200       0.550000      -5.034999       4.485000      -8.740000       3.895000       7.705000   26
     179.638153     -37.762249      52.000000       0.197500      -0.600000      -1.860000       2.460000      -6.025000       2.355000       7.490000   26
     179.618668     -37.804562      52.000000       0.134100      -1.085000       0.330000       0.755000      -4.770000       0.525000       4.595000   26
     179.870377     -37.254292      42.000000       0.120500      -0.080000      -0.545000       0.625000      -4.955000       0.865000      -3.285000   26
     179.851135     -37.296638      42.000000       0.265900       0.156000      -0.405500       0.249500      -1.132500       0.153500      -0.586000   26
     179.831894     -37.338982      42.000000       0.410200      -0.426000       0.043000       0.383000      -1.741500      -0.064500      -1.021000   26
     179.812607     -37.381321      42.000000       0.599500      -1.013500       0.523000       0.490500      -2.474500      -0.475000      -1.439500   26
     179.793320     -37.423660      42.000000       0.766000      -0.939500       0.392000       0.547500      -3.276500      -0.971000      -1.763500   26
     179.774002     -37.466000      42.000000       0.878200      -0.897500       0.259500       0.638000      -3.819500      -1.333500      -1.933500   26
     179.754654     -37.508331      42.000000       0.899500      -0.815500       0.169500       0.646000      -3.898500      -1.420500      -2.032500   26
     179.735306     -37.550659      42.000000       0.835200      -0.754500       0.249000       0.505500      -3.503500      -1.117500      -2.116000   26
     179.715912     -37.592991      42.000000       0.795300      -0.773000       0.449000       0.324000      -3.282000      -0.957000      -2.061000   26
     179.696503     -37.635311      42.000000       0.785600      -0.927500       0.805000       0.122500      -3.203500      -0.987500      -1.953500   26
     179.677078     -37.677631      42.000000       0.694100      -0.870500       0.984000      -0.113500      -2.829000      -0.786500      -1.631500   26
     179.657623     -37.719940      42.000000       0.527000      -0.962500       1.138000      -0.175500      -2.060000      -0.502000      -1.150000   26
     179.638153     -37.762249      42.000000       0.383400      -0.932500       1.114500      -0.182000      -1.345000      -0.523000      -0.725000   26
     179.618668     -37.804562      42.000000       0.211600      -5.330000       7.180000      -1.850000      -6.580000      -3.925000      -3.440000   26
     179.870377     -37.254292      32.000000       0.133200       3.815000      -6.225000       2.410000      -1.675000       1.840000      -3.180000   26
     179.851135     -37.296638      32.000000       0.245500       6.075000      -9.240000       3.165000      -4.560000       3.405000      -7.350000   26
     179.831894     -37.338982      32.000000       0.347500       0.289500      -0.657500       0.368000      -1.126500      -0.163000      -1.254500   26
     179.812607     -37.381321      32.000000       0.532700      -0.296000      -0.058000       0.354000      -1.889000      -0.827500      -1.811500   26
     179.793320     -37.423660      32.000000       0.757800      -0.809000       0.459500       0.349500      -2.760000      -1.600500      -2.290000   26
     179.774002     -37.466000      32.000000       0.925800      -1.118500       0.774000       0.344500      -3.393000      -2.147500      -2.636500   26
     179.754654     -37.508331      32.000000       1.025800      -1.226000       0.968500       0.257500      -3.764500      -2.522000      -2.823500   26
     179.735306     -37.550659      32.000000       1.022300      -1.241000       1.080000       0.161000      -3.668500      -2.682500      -2.801500   26
     179.715912     -37.592991      32.000000       0.964200      -1.225500       1.139000       0.086500      -3.395000      -2.696000      -2.586000   26
     179.696503     -37.635311      32.000000       0.900000      -1.133000       1.114500       0.018500      -3.207500      -2.571500      -2.291000   26
     179.677078     -37.677631      32.000000       0.783600      -1.153500       1.234000      -0.080500      -2.574000      -2.438000      -1.998500   26
     179.657623     -37.719940      32.000000       0.637100      -1.027000       1.160000      -0.133000      -1.796500      -2.338000      -1.621000   26
     179.638153     -37.762249      32.000000       0.496200      -0.967500       1.074500      -0.107000      -0.978000      -2.005500      -1.166000   26
     179.618668     -37.804562      32.000000       0.288600      -0.638000       0.705500      -0.067500      -0.393000      -1.172500      -0.632500   26
     179.870377     -37.254292      22.000000       0.209700       6.770000      -7.645000       0.875000      -3.670000       6.580000       1.620000   26
     179.851135     -37.296638      22.000000       0.361700       1.235000      -1.304000       0.069000      -0.771000       1.060000       0.136500   26
     179.831894     -37.338982      22.000000       0.387300       1.269000      -1.247500      -0.021500      -1.213500       0.875000      -0.108500   26
     179.812607     -37.381321      22.000000       0.424600       1.022500      -0.895000      -0.127500      -1.780000       0.504500      -0.473500   26
     179.793320     -37.423660      22.000000       0.527600       0.783500      -0.586000      -0.197500      -2.393000      -0.049500      -0.858000   26
     179.774002     -37.466000      22.000000       0.640600       0.615500      -0.383000      -0.232500      -2.861000      -0.625500      -1.209000   26
     179.754654     -37.508331      22.000000       0.717400       0.505500      -0.240500      -0.265000      -3.082000      -1.190000      -1.458000   26
     179.735306     -37.550659      22.000000       0.747700       0.348000       0.002000      -0.350000      -3.040000      -1.669500      -1.618000   26
     179.715912     -37.592991      22.000000       0.734000       0.268500       0.148000      -0.416500      -2.763000      -2.067000      -1.640000   26
     179.696503     -37.635311      22.000000       0.702400       0.368000       0.076500      -0.444500      -2.365500      -2.370000      -1.490000   26
     179.677078     -37.677631      22.000000       0.623400       0.461500      -0.012000      -0.449500      -1.865500      -2.294500      -1.256000   26
     179.657623     -37.719940      22.000000       0.510600       0.435000      -0.027500      -0.407500      -1.345500      -2.002500      -0.970000   26
     179.638153     -37.762249      22.000000       0.355000       0.191500       0.087000      -0.278500      -0.775000      -1.514500      -0.627000   26
     179.618668     -37.804562      22.000000       0.207400       1.035000       0.300000      -1.335000      -3.320000      -9.540000      -2.475000   26
     179.870377     -37.254292      12.000000       0.157900       3.955000      -0.840000      -3.115000      -4.480000       4.505000       3.185000   26
     179.851135     -37.296638      12.000000       0.272000       5.970000      -0.675000      -5.295000      -8.380001       7.845000       4.870000   26
     179.831894     -37.338982      12.000000       0.326900       0.675000       0.048500      -0.723500      -1.103000       0.852500       0.495500   26
     179.812607     -37.381321      12.000000       0.345200       0.570500       0.267000      -0.837500      -1.242000       0.854000       0.397500   26
     179.793320     -37.423660      12.000000       0.333600       0.488000       0.429000      -0.917000      -1.346000       0.597000       0.247500   26
     179.774002     -37.466000      12.000000       0.315900       0.357000       0.632500      -0.989500      -1.473500       0.174500       0.100000   26
     179.754654     -37.508331      12.000000       0.348800       0.194500       0.822500      -1.017000      -1.622500      -0.299500       0.018500   26
     179.735306     -37.550659      12.000000       0.396700       0.044500       0.981500      -1.026000      -1.655000      -0.676000      -0.005000   26
     179.715912     -37.592991      12.000000       0.409700       0.015500       0.983000      -0.998500      -1.585500      -0.911000       0.016000   26
     179.696503     -37.635311      12.000000       0.393000       0.059000       0.943500      -1.002500      -1.348000      -1.063000       0.061000   26
     179.677078     -37.677631      12.000000       0.358000       0.099500       0.878000      -0.977500      -1.077500      -1.081500       0.105500   26
     179.657623     -37.719940      12.000000       0.298600       0.955000       7.395000      -8.349999      -8.005000      -9.665000       1.630000   26
     179.638153     -37.762249      12.000000       0.226200      -0.290000       6.355000      -6.065000      -5.270000      -7.625000       1.850000   26
     179.618668     -37.804562      12.000000       0.100000       0.290000       2.445000      -2.735000      -2.010000      -3.340000       1.745000   26
