     179.870377     -37.254292     102.000000       0.200100       1.045000      -7.675000       6.630000       2.395000      -6.675000       1.145000   26
     179.851135     -37.296638     102.000000       0.364800       0.119500      -1.397000       1.277500       0.626000      -1.086000       0.068500   26
     179.831894     -37.338982     102.000000       0.500500      -0.042500      -1.899000       1.941500       0.759000      -1.475000       0.057500   26
     179.812607     -37.381321     102.000000       0.576900      -0.128000      -2.305000       2.433000       0.770500      -1.503500       0.163000   26
     179.793320     -37.423660     102.000000       0.620700      -0.222000      -2.628500       2.850500       0.822500      -1.166000       0.337000   26
     179.774002     -37.466000     102.000000       0.636100      -0.254000      -2.816500       3.070500       0.723500      -0.793500       0.524500   26
     179.754654     -37.508331     102.000000       0.633500      -0.120000      -2.913000       3.033000       0.578500      -0.615500       0.687500   26
     179.735306     -37.550659     102.000000       0.601700       0.101500      -2.840500       2.739000       0.283500      -0.743000       0.794000   26
     179.715912     -37.592991     102.000000       0.586600       0.294000      -2.907000       2.613000      -0.009000      -0.451500       0.868000   26
     179.696503     -37.635311     102.000000       0.590800       0.492000      -3.017500       2.525500      -0.268500      -0.115000       0.982000   26
     179.677078     -37.677631     102.000000       0.517600       0.389500      -2.572000       2.182500      -0.177500      -0.056000       1.008000   26
     179.657623     -37.719940     102.000000       0.375300       0.282500      -1.887000       1.604500      -0.204000      -0.077500       0.655500   26
     179.638153     -37.762249     102.000000       0.235200       0.246000      -1.268500       1.022500      -0.146500       0.001500       0.234000   26
     179.618668     -37.804562     102.000000       0.126500       0.985000      -6.710000       5.725000      -0.410000       0.880000       0.490000   26
     179.870377     -37.254292      92.000000       0.317200       0.464500      -1.489500       1.025000       0.922500      -0.408000       0.110500   26
     179.851135     -37.296638      92.000000       0.589600       0.535000      -2.540000       2.005000       1.900500      -0.731000       0.110500   26
     179.831894     -37.338982      92.000000       0.817400       0.328500      -3.306500       2.978000       2.610000      -1.070500       0.283000   26
     179.812607     -37.381321      92.000000       1.052600       0.544500      -4.699000       4.154500       3.027000      -0.910000       0.489000   26
     179.793320     -37.423660      92.000000       1.209500       0.895000      -5.815000       4.920000       3.117000      -0.502000       0.718500   26
     179.774002     -37.466000      92.000000       1.271800       1.281000      -6.487000       5.206000       2.768000       0.004000       0.898000   26
     179.754654     -37.508331      92.000000       1.276600       1.713500      -6.851501       5.138000       2.041500       0.578000       1.025000   26
     179.735306     -37.550659      92.000000       1.261900       2.094000      -6.956999       4.862999       1.134000       1.139500       1.127500   26
     179.715912     -37.592991      92.000000       1.231900       2.295500      -6.790499       4.494999       0.420500       1.472500       1.278500   26
     179.696503     -37.635311      92.000000       1.153200       2.248500      -6.200500       3.952000      -0.355000       1.713000       1.393000   26
     179.677078     -37.677631      92.000000       1.021600       1.962000      -5.261000       3.299000      -0.476500       1.762000       1.512500   26
     179.657623     -37.719940      92.000000       0.753600       1.364500      -3.718500       2.354000      -0.410500       1.533500       1.109500   26
     179.638153     -37.762249      92.000000       0.474600       0.726000      -2.208000       1.482000      -0.229500       1.201500       0.580500   26
     179.618668     -37.804562      92.000000       0.208000       1.170000      -8.580001       7.410001      -0.535000       6.585000       2.125000   26
     179.870377     -37.254292      82.000000       0.312100       0.560000      -1.507500       0.947500       0.820500      -0.455000       0.213500   26
     179.851135     -37.296638      82.000000       0.585000       0.934000      -2.737000       1.803000       1.595000      -0.893000       0.316500   26
     179.831894     -37.338982      82.000000       0.847200       1.163500      -3.946500       2.783000       2.423000      -1.143500       0.428000   26
     179.812607     -37.381321      82.000000       1.129600       1.626500      -5.713000       4.086500       3.085000      -0.883000       0.590500   26
     179.793320     -37.423660      82.000000       1.336700       2.064500      -7.013000       4.948500       3.610000      -0.480000       0.794000   26
     179.774002     -37.466000      82.000000       1.432500       2.476500      -7.813000       5.336500       3.348500       0.103500       0.960000   26
     179.754654     -37.508331      82.000000       1.459700       2.776000      -8.095500       5.319500       2.655500       0.831500       1.100000   26
     179.735306     -37.550659      82.000000       1.450000       2.856500      -7.899500       5.043000       1.974500       1.595000       1.246500   26
     179.715912     -37.592991      82.000000       1.395400       2.891000      -7.452500       4.561500       1.299500       2.117000       1.325500   26
     179.696503     -37.635311      82.000000       1.285100       2.619000      -6.611000       3.992000       0.249000       2.566000       1.324500   26
     179.677078     -37.677631      82.000000       1.100300       2.113500      -5.287500       3.174000      -0.151000       2.783000       1.118000   26
     179.657623     -37.719940      82.000000       0.782700       1.291500      -3.455000       2.163500      -0.349000       2.427500       0.639500   26
     179.638153     -37.762249      82.000000       0.453200       0.440500      -1.695500       1.255000      -0.290000       1.819500       0.135500   26
     179.618668     -37.804562      82.000000       0.233700       0.036000      -0.578000       0.542000      -0.190500       1.112500      -0.057000   26
     179.870377     -37.254292      72.000000       0.208400       2.000000      -8.440000       6.440001       5.290000      -4.730000      -0.435000   26
     179.851135     -37.296638      72.000000       0.401900       0.438000      -1.747000       1.309000       0.971500      -0.812000      -0.056000   26
     179.831894     -37.338982      72.000000       0.617400       0.980000      -3.080500       2.100500       1.197000      -0.997500      -0.012000   26
     179.812607     -37.381321      72.000000       0.882800       1.818500      -4.875500       3.057000       1.751500      -0.800000       0.139500   26
     179.793320     -37.423660      72.000000       1.132000       2.619500      -6.668500       4.049000       2.116500      -0.431000       0.349500   26
     179.774002     -37.466000      72.000000       1.244900       2.970500      -7.486000       4.515500       2.055500      -0.090500       0.588500   26
     179.754654     -37.508331      72.000000       1.246700       3.076500      -7.519000       4.442501       1.664500       0.365000       0.759500   26
     179.735306     -37.550659      72.000000       1.179000       3.105500      -7.017000       3.911500       1.062500       0.872500       0.840500   26
     179.715912     -37.592991      72.000000       1.101500       2.889000      -6.273000       3.384000       0.258000       1.427000       0.917500   26
     179.696503     -37.635311      72.000000       0.999000       2.410000      -5.219500       2.809500      -0.453000       2.002000       0.812000   26
     179.677078     -37.677631      72.000000       0.807300       1.637000      -3.881999       2.245000      -0.470500       2.091000       0.551500   26
     179.657623     -37.719940      72.000000       0.518000       0.459500      -2.038500       1.579000      -0.523000       1.846000       0.088500   26
     179.638153     -37.762249      72.000000       0.283700      -0.342500      -0.573500       0.916000      -0.311000       1.209000      -0.083500   26
     179.618668     -37.804562      72.000000       0.145700      -4.455000       0.190000       4.265000      -3.150000       4.810000      -1.025000   26
     179.870377     -37.254292      62.000000       0.206900       0.482500      -1.099000       0.616500       0.512500       0.205500      -0.233000   26
     179.851135     -37.296638      62.000000       0.361400       0.943000      -2.130500       1.187500       0.550500      -0.131500      -0.393500   26
     179.831894     -37.338982      62.000000       0.485400       1.179000      -2.842000       1.663000       0.483500      -0.285000      -0.545000   26
     179.812607     -37.381321      62.000000       0.617700       1.307000      -3.683500       2.376500       0.459000      -0.143000      -0.391500   26
     179.793320     -37.423660      62.000000       0.777400       1.653000      -4.630500       2.977500      -0.046000      -0.489500       0.122500   26
     179.774002     -37.466000      62.000000       0.874300       1.883000      -5.152501       3.269500      -0.203500      -0.655500       0.469000   26
     179.754654     -37.508331      62.000000       0.871600       1.979000      -5.211000       3.232000      -0.270000      -0.491500       0.614000   26
     179.735306     -37.550659      62.000000       0.781900       1.911000      -4.783500       2.872500      -0.637500      -0.080500       0.584500   26
     179.715912     -37.592991      62.000000       0.714700       1.733000      -4.247000       2.514000      -1.241000       0.260500       0.573000   26
     179.696503     -37.635311      62.000000       0.599300       1.179500      -3.240500       2.061000      -1.358500       0.529500       0.386500   26
     179.677078     -37.677631      62.000000       0.488200       0.439500      -2.063500       1.624000      -1.345000       0.881500       0.012000   26
     179.657623     -37.719940      62.000000       0.372900      -0.349500      -0.958500       1.308000      -0.998000       1.048500      -0.138500   26
     179.638153     -37.762249      62.000000       0.280500      -0.576500      -0.426500       1.003000      -0.525000       0.983000      -0.200000   26
     179.618668     -37.804562      62.000000       0.151300      -3.415000      -2.055000       5.470000      -0.755000       6.020000      -1.045000   26
     179.870377     -37.254292      52.000000       0.160100       4.430000      -8.410000       3.980000      -4.660000       0.070000      -1.035000   26
     179.851135     -37.296638      52.000000       0.246100       0.279000      -1.226000       0.947000      -0.472000       0.094000      -0.374000   26
     179.831894     -37.338982      52.000000       0.376700       0.498500      -1.941000       1.442500      -0.714000       0.244500      -0.410000   26
     179.812607     -37.381321      52.000000       0.502700       0.662000      -2.609500       1.947500      -1.142000       0.224000      -0.304500   26
     179.793320     -37.423660      52.000000       0.608400       0.934000      -3.202000       2.268000      -1.530500       0.294000      -0.131000   26
     179.774002     -37.466000      52.000000       0.665000       1.209500      -3.613000       2.403500      -1.739500       0.250500       0.086000   26
     179.754654     -37.508331      52.000000       0.654700       1.276500      -3.602500       2.326000      -1.778500       0.170000       0.232000   26
     179.735306     -37.550659      52.000000       0.593400       1.163500      -3.193500       2.030000      -1.861500       0.111000       0.199500   26
     179.715912     -37.592991      52.000000       0.511800       0.688500      -2.246000       1.557500      -2.094000      -0.028000      -0.100500   26
     179.696503     -37.635311      52.000000       0.460600      -0.029000      -1.085000       1.114000      -2.178000      -0.079000      -0.461000   26
     179.677078     -37.677631      52.000000       0.411000      -0.452500      -0.355500       0.808000      -1.844000       0.194500      -0.672000   26
     179.657623     -37.719940      52.000000       0.367900      -0.667500       0.060500       0.607000      -1.531500       0.392000      -0.693500   26
     179.638153     -37.762249      52.000000       0.295100      -0.686000       0.355000       0.331000      -1.188500       0.348500      -0.538500   26
     179.618668     -37.804562      52.000000       0.195400      -4.825000       3.785001       1.040000      -7.830000       2.180000      -3.205000   26
     179.870377     -37.254292      42.000000       0.135000      -0.795000      -1.080000       1.875000      -5.895000       0.145000      -3.015000   26
     179.851135     -37.296638      42.000000       0.277300       0.136000      -0.617000       0.481000      -1.226500       0.028500      -0.474000   26
     179.831894     -37.338982      42.000000       0.375200      -0.313500      -0.374000       0.687500      -1.736000      -0.298000      -0.693000   26
     179.812607     -37.381321      42.000000       0.480900      -0.692000      -0.159000       0.851000      -2.236000      -0.730000      -0.773500   26
     179.793320     -37.423660      42.000000       0.605800      -0.531500      -0.337500       0.869000      -2.732000      -1.306000      -0.709500   26
     179.774002     -37.466000      42.000000       0.698900      -0.526500      -0.365000       0.891500      -3.009000      -1.753500      -0.593500   26
     179.754654     -37.508331      42.000000       0.708400      -0.498000      -0.352500       0.850500      -2.968500      -1.900000      -0.543500   26
     179.735306     -37.550659      42.000000       0.634500      -0.360000      -0.347000       0.707000      -2.650000      -1.721500      -0.625500   26
     179.715912     -37.592991      42.000000       0.604500      -0.325500      -0.197500       0.523000      -2.601000      -1.530500      -0.719500   26
     179.696503     -37.635311      42.000000       0.613900      -0.470000       0.189500       0.280500      -2.731000      -1.263000      -0.886500   26
     179.677078     -37.677631      42.000000       0.578500      -0.508000       0.484500       0.023500      -2.625500      -0.780500      -0.874500   26
     179.657623     -37.719940      42.000000       0.475300      -0.676000       0.769000      -0.093000      -2.127000      -0.295500      -0.711500   26
     179.638153     -37.762249      42.000000       0.374200      -0.743500       0.855000      -0.111500      -1.576000      -0.272000      -0.542500   26
     179.618668     -37.804562      42.000000       0.213200      -4.760000       6.175000      -1.415000      -8.320000      -2.150000      -2.925000   26
     179.870377     -37.254292      32.000000       0.118500       1.690000      -2.770000       1.080000      -4.315000      -0.085000      -3.475000   26
     179.851135     -37.296638      32.000000       0.229600       3.145000      -4.700000       1.555000      -8.575000       0.010000      -6.660000   26
     179.831894     -37.338982      32.000000       0.361300       0.080500      -0.255500       0.175000      -1.515500      -0.563500      -0.951000   26
     179.812607     -37.381321      32.000000       0.520100      -0.300500       0.184500       0.116000      -2.161000      -1.150000      -1.174500   26
     179.793320     -37.423660      32.000000       0.680000      -0.708500       0.682000       0.026500      -2.728000      -1.751500      -1.277000   26
     179.774002     -37.466000      32.000000       0.795100      -0.972000       1.035000      -0.063000      -3.122500      -2.157500      -1.273000   26
     179.754654     -37.508331      32.000000       0.863900      -1.089500       1.267500      -0.178000      -3.367500      -2.359000      -1.215500   26
     179.735306     -37.550659      32.000000       0.881600      -1.082500       1.375000      -0.292500      -3.430000      -2.394500      -1.131000   26
     179.715912     -37.592991      32.000000       0.858600      -1.020000       1.395000      -0.375000      -3.379500      -2.234500      -1.045500   26
     179.696503     -37.635311      32.000000       0.832600      -0.917000       1.367500      -0.450500      -3.408500      -1.882500      -1.010500   26
     179.677078     -37.677631      32.000000       0.742300      -0.925000       1.456000      -0.531000      -2.983500      -1.533000      -1.030000   26
     179.657623     -37.719940      32.000000       0.624900      -0.865500       1.395500      -0.530000      -2.373500      -1.349000      -0.985500   26
     179.638153     -37.762249      32.000000       0.477500      -0.882500       1.313500      -0.431000      -1.575000      -1.152000      -0.840500   26
     179.618668     -37.804562      32.000000       0.265500      -6.315000       8.810000      -2.495000      -7.380000      -6.030000      -5.130000   26
     179.870377     -37.254292      22.000000       0.124500       2.225000      -2.140000      -0.085000      -4.375000       4.065000      -1.545000   26
     179.851135     -37.296638      22.000000       0.231500       4.680000      -4.040000      -0.640000      -8.865000       6.130000      -3.205000   26
     179.831894     -37.338982      22.000000       0.291200       0.456000      -0.328500      -0.127500      -1.285500       0.361000      -0.486000   26
     179.812607     -37.381321      22.000000       0.376300       0.306500      -0.075000      -0.231500      -1.766500       0.036500      -0.609500   26
     179.793320     -37.423660      22.000000       0.472200       0.131500       0.217000      -0.348500      -2.217500      -0.372000      -0.657500   26
     179.774002     -37.466000      22.000000       0.567000      -0.048500       0.518000      -0.469500      -2.569500      -0.837000      -0.701000   26
     179.754654     -37.508331      22.000000       0.650600      -0.236500       0.831000      -0.594500      -2.797000      -1.282500      -0.769000   26
     179.735306     -37.550659      22.000000       0.708300      -0.384000       1.081500      -0.697500      -2.893500      -1.616500      -0.869000   26
     179.715912     -37.592991      22.000000       0.737000      -0.429500       1.179000      -0.749500      -2.879000      -1.881000      -0.960000   26
     179.696503     -37.635311      22.000000       0.722100      -0.287000       1.047000      -0.760000      -2.737000      -2.008000      -0.999500   26
     179.677078     -37.677631      22.000000       0.645500      -0.201500       0.980000      -0.778500      -2.410000      -1.767000      -0.997500   26
     179.657623     -37.719940      22.000000       0.536100      -0.256500       0.957500      -0.701000      -1.964000      -1.412500      -0.901500   26
     179.638153     -37.762249      22.000000       0.388700      -0.412500       0.931500      -0.519000      -1.317500      -1.019000      -0.687500   26
     179.618668     -37.804562      22.000000       0.206400      -2.670000       5.350000      -2.680000      -6.330000      -6.380000      -3.295000   26
     179.870377     -37.254292      12.000000       0.124200       3.255000      -2.405000      -0.850000      -5.110001       1.430000      -1.780000   26
     179.851135     -37.296638      12.000000       0.216800       4.975000      -3.640000      -1.335000      -9.170000       2.590000      -3.265000   26
     179.831894     -37.338982      12.000000       0.267300       0.587000      -0.386000      -0.201000      -1.153500       0.259000      -0.422000   26
     179.812607     -37.381321      12.000000       0.282400       0.537000      -0.249000      -0.288000      -1.258000       0.269500      -0.469500   26
     179.793320     -37.423660      12.000000       0.289400       0.512500      -0.134000      -0.378500      -1.320000       0.076000      -0.461000   26
     179.774002     -37.466000      12.000000       0.310300       0.451500       0.008500      -0.460000      -1.401500      -0.260500      -0.445500   26
     179.754654     -37.508331      12.000000       0.357700       0.328500       0.206000      -0.534500      -1.542000      -0.633500      -0.454000   26
     179.735306     -37.550659      12.000000       0.402600       0.176500       0.401000      -0.577500      -1.653000      -0.914000      -0.473000   26
     179.715912     -37.592991      12.000000       0.434200       0.052500       0.532000      -0.584500      -1.743000      -1.065000      -0.493500   26
     179.696503     -37.635311      12.000000       0.425800       0.014500       0.562000      -0.576500      -1.657000      -1.114500      -0.507000   26
     179.677078     -37.677631      12.000000       0.388400      -0.031500       0.588000      -0.556500      -1.478500      -1.018500      -0.516500   26
     179.657623     -37.719940      12.000000       0.327900      -0.121500       0.581500      -0.460000      -1.232500      -0.851500      -0.448500   26
     179.638153     -37.762249      12.000000       0.255000      -2.625000       6.020000      -3.395000      -9.145000      -6.570000      -3.300000   26
     179.618668     -37.804562      12.000000       0.117000      -1.125000       2.620000      -1.495000      -4.390000      -2.815000      -1.465000   26
