 Time, xloc, ave SR, max SR
   0.00000000      -25.0000000       0.00000000       0.00000000    
   1.00000000      -25.0000000       0.00000000       0.00000000    
   2.00000000      -25.0000000       0.00000000       0.00000000    
   3.00000000      -25.0000000       1.49729999E-03   6.13499992E-03
   4.00000000      -25.0000000       1.57549009E-02   4.92900014E-02
   5.00000000      -25.0000000       2.07608007E-02   5.31120002E-02
   6.00000000      -25.0000000       2.28957999E-02   5.37150018E-02
   7.00000000      -25.0000000       2.57315002E-02   5.40799983E-02
   8.00000000      -25.0000000       2.76957005E-02   5.32010011E-02
   9.00000000      -25.0000000       2.31931005E-02   4.19979990E-02
   10.0000000      -25.0000000       2.48384997E-02   3.64510007E-02
   11.0000000      -25.0000000       2.97022015E-02   4.87000011E-02
   12.0000000      -25.0000000       3.28880027E-02   5.70759997E-02
   13.0000000      -25.0000000       2.87211947E-02   4.71189991E-02
   14.0000000      -25.0000000       2.93990970E-02   4.44100015E-02
   15.0000000      -25.0000000       2.37916000E-02   4.27369997E-02
   16.0000000      -25.0000000       2.29090005E-02   3.48509997E-02
   17.0000000      -25.0000000       2.04519983E-02   3.25980000E-02
   18.0000000      -25.0000000       1.93495005E-02   2.98890006E-02
   19.0000000      -25.0000000       1.76581014E-02   2.35329997E-02
   20.0000000      -25.0000000       1.54615995E-02   2.48639993E-02
   21.0000000      -25.0000000       1.53179988E-02   2.50199996E-02
   22.0000000      -25.0000000       1.57336015E-02   2.41219997E-02
   23.0000000      -25.0000000       1.86913013E-02   2.58590002E-02
   24.0000000      -25.0000000       1.67366993E-02   2.25709993E-02
   25.0000000      -25.0000000       1.56408008E-02   2.32710000E-02
   26.0000000      -25.0000000       1.62437987E-02   2.12660003E-02
   27.0000000      -25.0000000       1.84437986E-02   2.35239994E-02
   28.0000000      -25.0000000       2.12465022E-02   3.15390006E-02
   29.0000000      -25.0000000       2.43276991E-02   3.73999998E-02
   30.0000000      -25.0000000       2.83003990E-02   3.61620001E-02
   31.0000000      -25.0000000       2.92096995E-02   5.33679985E-02
   32.0000000      -25.0000000       2.97720022E-02   4.53809984E-02
   0.00000000      -20.0000000       0.00000000       0.00000000    
   1.00000000      -20.0000000       0.00000000       0.00000000    
   2.00000000      -20.0000000       0.00000000       0.00000000    
   3.00000000      -20.0000000       1.02311000E-02   5.25600016E-02
   4.00000000      -20.0000000       2.10960004E-02   7.68669993E-02
   5.00000000      -20.0000000       3.39582041E-02   8.09689984E-02
   6.00000000      -20.0000000       3.54501978E-02   8.15989971E-02
   7.00000000      -20.0000000       3.91777009E-02   8.15789998E-02
   8.00000000      -20.0000000       4.12469991E-02   7.32970014E-02
   9.00000000      -20.0000000       3.48602012E-02   6.19230010E-02
   10.0000000      -20.0000000       3.92215997E-02   5.61229996E-02
   11.0000000      -20.0000000       4.70118970E-02   6.99599981E-02
   12.0000000      -20.0000000       5.18553965E-02   8.49509984E-02
   13.0000000      -20.0000000       4.76086996E-02   7.19889998E-02
   14.0000000      -20.0000000       4.66951989E-02   7.16390014E-02
   15.0000000      -20.0000000       3.97550017E-02   7.02579990E-02
   16.0000000      -20.0000000       3.60625982E-02   5.79879992E-02
   17.0000000      -20.0000000       3.18383016E-02   5.35969995E-02
   18.0000000      -20.0000000       3.02415993E-02   4.21129987E-02
   19.0000000      -20.0000000       2.64605992E-02   3.76910008E-02
   20.0000000      -20.0000000       2.32072994E-02   3.55999991E-02
   21.0000000      -20.0000000       2.39713993E-02   4.03870009E-02
   22.0000000      -20.0000000       2.59862002E-02   3.92090008E-02
   23.0000000      -20.0000000       2.97410991E-02   3.78400013E-02
   24.0000000      -20.0000000       2.79901978E-02   3.86059992E-02
   25.0000000      -20.0000000       2.61572003E-02   4.04709987E-02
   26.0000000      -20.0000000       2.72043981E-02   3.63870002E-02
   27.0000000      -20.0000000       3.01784016E-02   3.55810001E-02
   28.0000000      -20.0000000       3.52929011E-02   4.75930013E-02
   29.0000000      -20.0000000       4.05287035E-02   6.46120012E-02
   30.0000000      -20.0000000       4.48441990E-02   6.52469993E-02
   31.0000000      -20.0000000       4.64347973E-02   8.42730030E-02
   32.0000000      -20.0000000       4.14425991E-02   7.12369978E-02
   0.00000000      -15.0000000       0.00000000       0.00000000    
   1.00000000      -15.0000000       3.67599976E-04   1.40299997E-03
   2.00000000      -15.0000000       9.21919942E-03   2.56239995E-02
   3.00000000      -15.0000000       2.19823997E-02   5.99180013E-02
   4.00000000      -15.0000000       3.23642008E-02   9.65109989E-02
   5.00000000      -15.0000000       3.83147001E-02   9.54620019E-02
   6.00000000      -15.0000000       4.55741994E-02   8.95590037E-02
   7.00000000      -15.0000000       4.97596972E-02   9.80409980E-02
   8.00000000      -15.0000000       5.05823009E-02   9.16860029E-02
   9.00000000      -15.0000000       4.24925014E-02   6.70379996E-02
   10.0000000      -15.0000000       4.61191013E-02   6.73720017E-02
   11.0000000      -15.0000000       5.49316034E-02   8.06799978E-02
   12.0000000      -15.0000000       5.99529035E-02   9.12259966E-02
   13.0000000      -15.0000000       5.82363084E-02   8.01879987E-02
   14.0000000      -15.0000000       5.72945066E-02   8.51820037E-02
   15.0000000      -15.0000000       5.05983941E-02   8.55330005E-02
   16.0000000      -15.0000000       4.40695956E-02   7.13490024E-02
   17.0000000      -15.0000000       3.86522003E-02   6.65209964E-02
   18.0000000      -15.0000000       3.69127020E-02   5.45089990E-02
   19.0000000      -15.0000000       3.14582959E-02   4.69079986E-02
   20.0000000      -15.0000000       2.90762037E-02   4.51710001E-02
   21.0000000      -15.0000000       3.05850022E-02   5.06919995E-02
   22.0000000      -15.0000000       3.26719992E-02   4.90039997E-02
   23.0000000      -15.0000000       3.71889994E-02   4.62439992E-02
   24.0000000      -15.0000000       3.56445983E-02   5.05569987E-02
   25.0000000      -15.0000000       3.34179997E-02   4.75110002E-02
   26.0000000      -15.0000000       3.40492018E-02   4.54999991E-02
   27.0000000      -15.0000000       3.75711992E-02   4.53290008E-02
   28.0000000      -15.0000000       4.41898964E-02   6.05750009E-02
   29.0000000      -15.0000000       4.90539037E-02   7.96990022E-02
   30.0000000      -15.0000000       5.28419018E-02   7.91969970E-02
   31.0000000      -15.0000000       5.27171977E-02   9.21450034E-02
   32.0000000      -15.0000000       4.26112972E-02   7.89680034E-02
   0.00000000      -10.0000000       2.23930017E-03   9.63100046E-03
   1.00000000      -10.0000000       1.32218003E-02   5.53879999E-02
   2.00000000      -10.0000000       2.29800995E-02   6.01829998E-02
   3.00000000      -10.0000000       3.25777009E-02   9.58779976E-02
   4.00000000      -10.0000000       4.27924991E-02  0.104512997    
   5.00000000      -10.0000000       4.63453978E-02   9.95670035E-02
   6.00000000      -10.0000000       5.14535010E-02   9.40859988E-02
   7.00000000      -10.0000000       5.50196990E-02  0.107047997    
   8.00000000      -10.0000000       5.36208041E-02  0.110803999    
   9.00000000      -10.0000000       4.70614024E-02   8.06939974E-02
   10.0000000      -10.0000000       4.68940027E-02   7.35919997E-02
   11.0000000      -10.0000000       5.51587045E-02   8.55280012E-02
   12.0000000      -10.0000000       6.14813976E-02   8.86199996E-02
   13.0000000      -10.0000000       6.16934970E-02   8.45479965E-02
   14.0000000      -10.0000000       6.23887964E-02   9.39399973E-02
   15.0000000      -10.0000000       5.74177988E-02   9.44159999E-02
   16.0000000      -10.0000000       4.88311984E-02   7.94769973E-02
   17.0000000      -10.0000000       4.30195034E-02   7.22410008E-02
   18.0000000      -10.0000000       4.07010019E-02   6.13479987E-02
   19.0000000      -10.0000000       3.49796042E-02   5.25429994E-02
   20.0000000      -10.0000000       3.39616947E-02   5.33469990E-02
   21.0000000      -10.0000000       3.57479975E-02   5.52180000E-02
   22.0000000      -10.0000000       3.71738002E-02   5.74829988E-02
   23.0000000      -10.0000000       4.10020985E-02   5.12010008E-02
   24.0000000      -10.0000000       4.02738973E-02   5.52330017E-02
   25.0000000      -10.0000000       3.81555967E-02   4.93380018E-02
   26.0000000      -10.0000000       3.80991027E-02   4.83769998E-02
   27.0000000      -10.0000000       4.15969007E-02   5.03930002E-02
   28.0000000      -10.0000000       4.75099012E-02   6.52460009E-02
   29.0000000      -10.0000000       5.13191000E-02   8.10799971E-02
   30.0000000      -10.0000000       5.41124046E-02   7.90370032E-02
   31.0000000      -10.0000000       5.02514951E-02   8.17079991E-02
   32.0000000      -10.0000000       3.82830948E-02   7.01510012E-02
   0.00000000      -5.00000000       1.39892995E-02   6.53489977E-02
   1.00000000      -5.00000000       2.01948993E-02  0.100247003    
   2.00000000      -5.00000000       3.67581025E-02  0.103095002    
   3.00000000      -5.00000000       4.67035994E-02  0.131499007    
   4.00000000      -5.00000000       5.66217005E-02  0.120109998    
   5.00000000      -5.00000000       5.35579026E-02  0.101219997    
   6.00000000      -5.00000000       5.70006967E-02   9.72699970E-02
   7.00000000      -5.00000000       5.65422066E-02  0.122339003    
   8.00000000      -5.00000000       5.25195003E-02  0.113525003    
   9.00000000      -5.00000000       4.63903025E-02   8.61309990E-02
   10.0000000      -5.00000000       4.47526984E-02   7.55660012E-02
   11.0000000      -5.00000000       5.35778999E-02   8.75839964E-02
   12.0000000      -5.00000000       5.86123988E-02   8.31390023E-02
   13.0000000      -5.00000000       6.16315976E-02   8.22279975E-02
   14.0000000      -5.00000000       6.38182014E-02   9.81680006E-02
   15.0000000      -5.00000000       5.99219985E-02   9.71430019E-02
   16.0000000      -5.00000000       5.20730987E-02   8.39650035E-02
   17.0000000      -5.00000000       4.56552990E-02   7.22460002E-02
   18.0000000      -5.00000000       4.26231064E-02   6.26830012E-02
   19.0000000      -5.00000000       3.74374986E-02   5.73659986E-02
   20.0000000      -5.00000000       3.82451974E-02   6.05110005E-02
   21.0000000      -5.00000000       3.95387970E-02   5.77460006E-02
   22.0000000      -5.00000000       4.02167961E-02   6.21679984E-02
   23.0000000      -5.00000000       4.20018025E-02   5.19560017E-02
   24.0000000      -5.00000000       4.23264019E-02   5.48550002E-02
   25.0000000      -5.00000000       4.10329998E-02   5.08470014E-02
   26.0000000      -5.00000000       3.99776027E-02   5.11289984E-02
   27.0000000      -5.00000000       4.31523994E-02   5.34659997E-02
   28.0000000      -5.00000000       4.61037979E-02   6.08510002E-02
   29.0000000      -5.00000000       4.88926992E-02   7.09429979E-02
   30.0000000      -5.00000000       4.99835014E-02   7.66210034E-02
   31.0000000      -5.00000000       4.44775000E-02   7.44080022E-02
   32.0000000      -5.00000000       3.23414989E-02   5.61660007E-02
   0.00000000       0.00000000       1.36954011E-02   6.83590025E-02
   1.00000000       0.00000000       2.17554979E-02  0.109150000    
   2.00000000       0.00000000       4.14103977E-02  0.116951004    
   3.00000000       0.00000000       5.55271022E-02  0.157370001    
   4.00000000       0.00000000       6.77037984E-02  0.142734006    
   5.00000000       0.00000000       6.07274994E-02  0.113223001    
   6.00000000       0.00000000       5.93739040E-02  0.101756997    
   7.00000000       0.00000000       5.66853993E-02  0.117587999    
   8.00000000       0.00000000       4.99719009E-02   9.86350030E-02
   9.00000000       0.00000000       4.48385999E-02   8.66350010E-02
   10.0000000       0.00000000       4.29256037E-02   7.44990036E-02
   11.0000000       0.00000000       5.10971025E-02   8.46299976E-02
   12.0000000       0.00000000       5.59105985E-02   8.11130032E-02
   13.0000000       0.00000000       5.97357973E-02   8.14260021E-02
   14.0000000       0.00000000       6.20145984E-02   9.70679969E-02
   15.0000000       0.00000000       5.97860999E-02   9.64889973E-02
   16.0000000       0.00000000       5.26617989E-02   8.37170035E-02
   17.0000000       0.00000000       4.67109978E-02   7.34509975E-02
   18.0000000       0.00000000       4.34863046E-02   6.40000030E-02
   19.0000000       0.00000000       3.92314978E-02   6.53079972E-02
   20.0000000       0.00000000       4.13639992E-02   6.54909983E-02
   21.0000000       0.00000000       4.20632027E-02   5.97570017E-02
   22.0000000       0.00000000       4.21551988E-02   6.18639998E-02
   23.0000000       0.00000000       4.22459021E-02   5.20570017E-02
   24.0000000       0.00000000       4.23006974E-02   5.01150005E-02
   25.0000000       0.00000000       4.27054986E-02   5.48459999E-02
   26.0000000       0.00000000       4.03320007E-02   5.32479994E-02
   27.0000000       0.00000000       4.24198993E-02   5.46710007E-02
   28.0000000       0.00000000       4.29571010E-02   5.67450002E-02
   29.0000000       0.00000000       4.46523987E-02   5.95239997E-02
   30.0000000       0.00000000       4.39007021E-02   7.77200013E-02
   31.0000000       0.00000000       3.90101969E-02   7.93950036E-02
   32.0000000       0.00000000       2.72273012E-02   6.13150001E-02
   0.00000000       5.00000000       1.05911000E-02   5.34910001E-02
   1.00000000       5.00000000       1.69203989E-02   8.61610025E-02
   2.00000000       5.00000000       3.59339006E-02  0.108831003    
   3.00000000       5.00000000       5.55116013E-02  0.158613995    
   4.00000000       5.00000000       6.94852918E-02  0.156828001    
   5.00000000       5.00000000       6.24710023E-02  0.126302004    
   6.00000000       5.00000000       6.02722056E-02  0.114744000    
   7.00000000       5.00000000       5.45273945E-02  0.111886002    
   8.00000000       5.00000000       4.91075963E-02   9.80139971E-02
   9.00000000       5.00000000       4.44925055E-02   8.43070000E-02
   10.0000000       5.00000000       4.42125984E-02   7.11629987E-02
   11.0000000       5.00000000       5.00204973E-02   7.76510015E-02
   12.0000000       5.00000000       5.41908965E-02   7.60419965E-02
   13.0000000       5.00000000       5.80192991E-02   8.00869986E-02
   14.0000000       5.00000000       5.86959943E-02   9.47479978E-02
   15.0000000       5.00000000       5.76512031E-02   9.08289999E-02
   16.0000000       5.00000000       5.17582074E-02   7.86700025E-02
   17.0000000       5.00000000       4.60973009E-02   7.13810027E-02
   18.0000000       5.00000000       4.24818993E-02   6.38870001E-02
   19.0000000       5.00000000       4.06459048E-02   7.06209987E-02
   20.0000000       5.00000000       4.28718999E-02   6.86820000E-02
   21.0000000       5.00000000       4.38669026E-02   6.32589981E-02
   22.0000000       5.00000000       4.35122028E-02   5.96579984E-02
   23.0000000       5.00000000       4.17995006E-02   5.39340004E-02
   24.0000000       5.00000000       4.18849960E-02   5.26949987E-02
   25.0000000       5.00000000       4.26604971E-02   5.65269999E-02
   26.0000000       5.00000000       3.91949974E-02   5.66809997E-02
   27.0000000       5.00000000       4.01453003E-02   5.50890006E-02
   28.0000000       5.00000000       4.08888012E-02   6.12550005E-02
   29.0000000       5.00000000       4.12623994E-02   6.62579983E-02
   30.0000000       5.00000000       3.99261974E-02   7.48850033E-02
   31.0000000       5.00000000       3.66645046E-02   8.01680014E-02
   32.0000000       5.00000000       2.66993996E-02   6.63480014E-02
   0.00000000       10.0000000       1.74969994E-03   6.99899998E-03
   1.00000000       10.0000000       1.06191998E-02   4.65289988E-02
   2.00000000       10.0000000       2.81342007E-02   8.38819966E-02
   3.00000000       10.0000000       4.69068997E-02  0.135137007    
   4.00000000       10.0000000       6.06306009E-02  0.147625998    
   5.00000000       10.0000000       6.04282990E-02  0.126608998    
   6.00000000       10.0000000       5.83267026E-02  0.120344996    
   7.00000000       10.0000000       5.31434007E-02  0.126553997    
   8.00000000       10.0000000       4.96150963E-02  0.103234999    
   9.00000000       10.0000000       4.53263000E-02   8.24650005E-02
   10.0000000       10.0000000       4.67268005E-02   6.33329973E-02
   11.0000000       10.0000000       5.12002036E-02   7.05950037E-02
   12.0000000       10.0000000       5.36969006E-02   7.05730021E-02
   13.0000000       10.0000000       5.66249974E-02   8.22099969E-02
   14.0000000       10.0000000       5.55178002E-02   8.95980000E-02
   15.0000000       10.0000000       5.52873015E-02   8.13129991E-02
   16.0000000       10.0000000       4.96433005E-02   6.96669966E-02
   17.0000000       10.0000000       4.33875024E-02   6.44679964E-02
   18.0000000       10.0000000       4.08944972E-02   5.88259995E-02
   19.0000000       10.0000000       3.98794003E-02   6.73620030E-02
   20.0000000       10.0000000       4.30109985E-02   7.12120011E-02
   21.0000000       10.0000000       4.51692007E-02   6.63229972E-02
   22.0000000       10.0000000       4.41003032E-02   6.33379966E-02
   23.0000000       10.0000000       4.15265001E-02   5.64219989E-02
   24.0000000       10.0000000       4.08012047E-02   5.33180013E-02
   25.0000000       10.0000000       4.08162959E-02   5.60289994E-02
   26.0000000       10.0000000       3.74431051E-02   5.83710000E-02
   27.0000000       10.0000000       3.81367020E-02   5.35219982E-02
   28.0000000       10.0000000       4.06655967E-02   6.35280013E-02
   29.0000000       10.0000000       4.14976999E-02   7.18159974E-02
   30.0000000       10.0000000       4.06639986E-02   6.88370019E-02
   31.0000000       10.0000000       3.86820994E-02   7.40839988E-02
   32.0000000       10.0000000       3.30888033E-02   6.44949973E-02
   0.00000000       15.0000000       0.00000000       0.00000000    
   1.00000000       15.0000000       6.37400022E-04   2.85200006E-03
   2.00000000       15.0000000       1.58080999E-02   5.41010015E-02
   3.00000000       15.0000000       3.38700972E-02   8.90680030E-02
   4.00000000       15.0000000       5.01290970E-02  0.112126000    
   5.00000000       15.0000000       5.36253974E-02  0.114408001    
   6.00000000       15.0000000       5.54869995E-02  0.120526001    
   7.00000000       15.0000000       5.22473976E-02  0.138137996    
   8.00000000       15.0000000       5.08819036E-02  0.107008003    
   9.00000000       15.0000000       4.68248017E-02   8.43240023E-02
   10.0000000       15.0000000       4.89488989E-02   6.44700006E-02
   11.0000000       15.0000000       5.25643006E-02   6.70579970E-02
   12.0000000       15.0000000       5.42862043E-02   7.96379969E-02
   13.0000000       15.0000000       5.47538027E-02   8.84220004E-02
   14.0000000       15.0000000       5.35903983E-02   8.38190019E-02
   15.0000000       15.0000000       5.29053025E-02   6.83849975E-02
   16.0000000       15.0000000       4.54164036E-02   6.33390024E-02
   17.0000000       15.0000000       3.94902006E-02   5.55539988E-02
   18.0000000       15.0000000       3.81639004E-02   5.26579991E-02
   19.0000000       15.0000000       3.79725993E-02   6.41890019E-02
   20.0000000       15.0000000       4.24638018E-02   7.23159984E-02
   21.0000000       15.0000000       4.46737036E-02   7.00210035E-02
   22.0000000       15.0000000       4.42138053E-02   6.59150034E-02
   23.0000000       15.0000000       4.07722965E-02   5.70710003E-02
   24.0000000       15.0000000       3.90105993E-02   5.29100001E-02
   25.0000000       15.0000000       3.79169025E-02   5.65669984E-02
   26.0000000       15.0000000       3.46561000E-02   5.73639981E-02
   27.0000000       15.0000000       3.62420008E-02   5.01529984E-02
   28.0000000       15.0000000       4.18400988E-02   6.24600016E-02
   29.0000000       15.0000000       4.40620966E-02   7.38629997E-02
   30.0000000       15.0000000       4.46465984E-02   6.61860034E-02
   31.0000000       15.0000000       4.32742983E-02   6.54599965E-02
   32.0000000       15.0000000       3.76158021E-02   5.15789986E-02
   0.00000000       20.0000000       0.00000000       0.00000000    
   1.00000000       20.0000000       0.00000000       0.00000000    
   2.00000000       20.0000000       0.00000000       0.00000000    
   3.00000000       20.0000000       1.15104001E-02   3.83309983E-02
   4.00000000       20.0000000       3.44012007E-02   8.10839981E-02
   5.00000000       20.0000000       4.71642017E-02  0.105145998    
   6.00000000       20.0000000       5.03736027E-02  0.109001003    
   7.00000000       20.0000000       5.13193011E-02  0.134451002    
   8.00000000       20.0000000       5.18204980E-02  0.106904998    
   9.00000000       20.0000000       4.90719005E-02   8.56480002E-02
   10.0000000       20.0000000       5.01571074E-02   7.17189983E-02
   11.0000000       20.0000000       5.37018962E-02   7.53720030E-02
   12.0000000       20.0000000       5.43228015E-02   8.51489976E-02
   13.0000000       20.0000000       5.45657985E-02   9.30309966E-02
   14.0000000       20.0000000       5.17279990E-02   7.60610029E-02
   15.0000000       20.0000000       4.86098006E-02   6.51270002E-02
   16.0000000       20.0000000       4.02946994E-02   5.51109985E-02
   17.0000000       20.0000000       3.53987999E-02   4.91290018E-02
   18.0000000       20.0000000       3.44454013E-02   4.55980003E-02
   19.0000000       20.0000000       3.56202982E-02   6.25019968E-02
   20.0000000       20.0000000       4.02328968E-02   7.13699982E-02
   21.0000000       20.0000000       4.31571044E-02   7.15700015E-02
   22.0000000       20.0000000       4.32820991E-02   6.65370002E-02
   23.0000000       20.0000000       3.94056030E-02   5.66670001E-02
   24.0000000       20.0000000       3.59172001E-02   5.09519987E-02
   25.0000000       20.0000000       3.41797993E-02   5.48130013E-02
   26.0000000       20.0000000       3.13544981E-02   5.13469987E-02
   27.0000000       20.0000000       3.51634026E-02   4.86089997E-02
   28.0000000       20.0000000       4.34052981E-02   6.05299994E-02
   29.0000000       20.0000000       4.81505021E-02   7.26770014E-02
   30.0000000       20.0000000       4.79419008E-02   6.66259974E-02
   31.0000000       20.0000000       4.48351018E-02   6.97819963E-02
   32.0000000       20.0000000       3.62563990E-02   5.56910001E-02
   0.00000000       25.0000000       0.00000000       0.00000000    
   1.00000000       25.0000000       0.00000000       0.00000000    
   2.00000000       25.0000000       0.00000000       0.00000000    
   3.00000000       25.0000000       2.31850008E-03   9.95900016E-03
   4.00000000       25.0000000       2.06372999E-02   6.41940013E-02
   5.00000000       25.0000000       3.67219970E-02  0.103064999    
   6.00000000       25.0000000       4.41059992E-02  0.106013000    
   7.00000000       25.0000000       4.74835001E-02  0.118885003    
   8.00000000       25.0000000       5.02168015E-02  0.100722998    
   9.00000000       25.0000000       4.83125038E-02   7.60840029E-02
   10.0000000       25.0000000       4.80310991E-02   7.35599995E-02
   11.0000000       25.0000000       5.33353984E-02   7.54749998E-02
   12.0000000       25.0000000       5.36045954E-02   8.82439986E-02
   13.0000000       25.0000000       5.29264994E-02   9.09769982E-02
   14.0000000       25.0000000       4.81658019E-02   6.86749965E-02
   15.0000000       25.0000000       4.28190008E-02   6.37200028E-02
   16.0000000       25.0000000       3.45759019E-02   4.49579991E-02
   17.0000000       25.0000000       3.07196025E-02   4.25960012E-02
   18.0000000       25.0000000       3.03080026E-02   3.87069993E-02
   19.0000000       25.0000000       3.21306996E-02   5.70200011E-02
   20.0000000       25.0000000       3.66320983E-02   6.96040019E-02
   21.0000000       25.0000000       4.04760018E-02   7.30310008E-02
   22.0000000       25.0000000       4.08825018E-02   6.43709973E-02
   23.0000000       25.0000000       3.62643003E-02   5.21229990E-02
   24.0000000       25.0000000       3.20428982E-02   4.84159999E-02
   25.0000000       25.0000000       2.94461995E-02   4.99369986E-02
   26.0000000       25.0000000       2.83079986E-02   4.69669998E-02
   27.0000000       25.0000000       3.31570022E-02   4.38780002E-02
   28.0000000       25.0000000       4.39298972E-02   5.87190017E-02
   29.0000000       25.0000000       4.95129004E-02   6.75479993E-02
   30.0000000       25.0000000       4.93353978E-02   6.19300008E-02
   31.0000000       25.0000000       4.44878004E-02   6.45179972E-02
   32.0000000       25.0000000       3.14904973E-02   4.73040007E-02
   0.00000000       30.0000000       0.00000000       0.00000000    
   1.00000000       30.0000000       0.00000000       0.00000000    
   2.00000000       30.0000000       0.00000000       0.00000000    
   3.00000000       30.0000000       0.00000000       0.00000000    
   4.00000000       30.0000000       6.43300009E-04   3.48700001E-03
   5.00000000       30.0000000       1.50659997E-02   6.50649965E-02
   6.00000000       30.0000000       3.27425972E-02   9.20469984E-02
   7.00000000       30.0000000       3.88096012E-02   8.91980007E-02
   8.00000000       30.0000000       4.43133973E-02   8.04490000E-02
   9.00000000       30.0000000       4.27102000E-02   6.74820021E-02
   10.0000000       30.0000000       4.21197005E-02   7.01450035E-02
   11.0000000       30.0000000       4.91219983E-02   8.01739991E-02
   12.0000000       30.0000000       4.93698008E-02   8.92900005E-02
   13.0000000       30.0000000       4.83591929E-02   8.58369991E-02
   14.0000000       30.0000000       4.20088992E-02   6.03390001E-02
   15.0000000       30.0000000       3.59516963E-02   5.47420010E-02
   16.0000000       30.0000000       2.85858028E-02   3.95190008E-02
   17.0000000       30.0000000       2.59806998E-02   3.40589993E-02
   18.0000000       30.0000000       2.54111029E-02   3.14869992E-02
   19.0000000       30.0000000       2.76983026E-02   4.83080000E-02
   20.0000000       30.0000000       3.13523002E-02   6.32840022E-02
   21.0000000       30.0000000       3.47572006E-02   6.52099997E-02
   22.0000000       30.0000000       3.59760001E-02   5.70180006E-02
   23.0000000       30.0000000       3.16465981E-02   4.58990000E-02
   24.0000000       30.0000000       2.68943999E-02   4.18329984E-02
   25.0000000       30.0000000       2.46433001E-02   4.34000008E-02
   26.0000000       30.0000000       2.40928009E-02   3.95240001E-02
   27.0000000       30.0000000       2.94205006E-02   3.84170003E-02
   28.0000000       30.0000000       4.10875976E-02   5.29339984E-02
   29.0000000       30.0000000       4.57132012E-02   5.84409982E-02
   30.0000000       30.0000000       4.72879000E-02   5.81020005E-02
   31.0000000       30.0000000       4.24416959E-02   6.03780001E-02
   32.0000000       30.0000000       3.03429998E-02   4.99049984E-02
   0.00000000       35.0000000       0.00000000       0.00000000    
   1.00000000       35.0000000       0.00000000       0.00000000    
   2.00000000       35.0000000       0.00000000       0.00000000    
   3.00000000       35.0000000       0.00000000       0.00000000    
   4.00000000       35.0000000       0.00000000       0.00000000    
   5.00000000       35.0000000       0.00000000       0.00000000    
   6.00000000       35.0000000       1.29204001E-02   4.44540009E-02
   7.00000000       35.0000000       2.60827988E-02   6.21349998E-02
   8.00000000       35.0000000       3.43208015E-02   7.09350035E-02
   9.00000000       35.0000000       3.21528018E-02   6.43080026E-02
   10.0000000       35.0000000       3.14325988E-02   5.76720014E-02
   11.0000000       35.0000000       3.93703021E-02   7.32270032E-02
   12.0000000       35.0000000       4.09411006E-02   7.63700008E-02
   13.0000000       35.0000000       3.80655974E-02   7.07840025E-02
   14.0000000       35.0000000       3.27549018E-02   5.05409986E-02
   15.0000000       35.0000000       2.76820008E-02   4.55759987E-02
   16.0000000       35.0000000       2.16255989E-02   2.89530009E-02
   17.0000000       35.0000000       2.08781995E-02   2.64769997E-02
   18.0000000       35.0000000       1.91108026E-02   2.52989996E-02
   19.0000000       35.0000000       2.10638996E-02   3.80330011E-02
   20.0000000       35.0000000       2.41856985E-02   5.01429997E-02
   21.0000000       35.0000000       2.63601989E-02   5.26820011E-02
   22.0000000       35.0000000       2.79911961E-02   4.43929993E-02
   23.0000000       35.0000000       2.43715011E-02   3.46660018E-02
   24.0000000       35.0000000       2.12848987E-02   3.26559991E-02
   25.0000000       35.0000000       1.87726989E-02   3.30239981E-02
   26.0000000       35.0000000       1.86282005E-02   2.92380005E-02
   27.0000000       35.0000000       2.30572000E-02   3.20149995E-02
   28.0000000       35.0000000       3.30642983E-02   4.35450003E-02
   29.0000000       35.0000000       3.60380039E-02   4.55060005E-02
   30.0000000       35.0000000       3.93377021E-02   5.62260002E-02
   31.0000000       35.0000000       3.69689986E-02   5.03089987E-02
   32.0000000       35.0000000       3.10077015E-02   4.50219996E-02
   0.00000000       40.0000000       0.00000000       0.00000000    
   1.00000000       40.0000000       0.00000000       0.00000000    
   2.00000000       40.0000000       0.00000000       0.00000000    
   3.00000000       40.0000000       0.00000000       0.00000000    
   4.00000000       40.0000000       0.00000000       0.00000000    
   5.00000000       40.0000000       0.00000000       0.00000000    
   6.00000000       40.0000000       2.12950003E-03   7.99799990E-03
   7.00000000       40.0000000       1.49435997E-02   4.00100015E-02
   8.00000000       40.0000000       2.24514995E-02   4.40340005E-02
   9.00000000       40.0000000       2.03400999E-02   4.23270017E-02
   10.0000000       40.0000000       1.85048990E-02   3.59509997E-02
   11.0000000       40.0000000       2.31229011E-02   4.78589982E-02
   12.0000000       40.0000000       2.41429023E-02   4.80320007E-02
   13.0000000       40.0000000       2.23397985E-02   4.30519991E-02
   14.0000000       40.0000000       1.88676007E-02   3.08400001E-02
   15.0000000       40.0000000       1.65659990E-02   3.02179996E-02
   16.0000000       40.0000000       1.30768996E-02   1.87240001E-02
   17.0000000       40.0000000       1.31593002E-02   1.77839994E-02
   18.0000000       40.0000000       1.10614998E-02   1.57859996E-02
   19.0000000       40.0000000       1.30478991E-02   2.20819991E-02
   20.0000000       40.0000000       1.42906997E-02   2.86120009E-02
   21.0000000       40.0000000       1.48047004E-02   3.10180001E-02
   22.0000000       40.0000000       1.65615007E-02   2.65570004E-02
   23.0000000       40.0000000       1.40533000E-02   1.96129996E-02
   24.0000000       40.0000000       1.30097000E-02   1.89839993E-02
   25.0000000       40.0000000       1.14436988E-02   1.82530005E-02
   26.0000000       40.0000000       1.12109995E-02   1.64080001E-02
   27.0000000       40.0000000       1.42123997E-02   1.86579991E-02
   28.0000000       40.0000000       1.90421008E-02   2.73359995E-02
   29.0000000       40.0000000       2.07306016E-02   2.79699992E-02
   30.0000000       40.0000000       2.34860983E-02   3.74380015E-02
   31.0000000       40.0000000       2.33720038E-02   3.68329994E-02
   32.0000000       40.0000000       2.35213004E-02   3.51389982E-02
