   0.000     0.0000E+00       0.000000       0.000000       0.000000       0.000000       0.000000       0.000000
   0.100     0.1623E+00       1.077600      -3.166946       2.089346      -0.049889      -1.424827       0.856093
   0.200     0.3245E+00       2.155200      -6.333893       4.178693      -0.099778      -2.849653       1.712186
   0.300     0.4868E+00       3.232800      -9.500839       6.268039      -0.149667      -4.274480       2.568280
   0.400     0.6490E+00       4.310400     -12.667786       8.357386      -0.199556      -5.699307       3.424373
   0.500     0.8113E+00       5.388000     -15.834732      10.446733      -0.249444      -7.124132       4.280466
   0.600     0.9735E+00       6.465600     -19.001678      12.536077      -0.299334      -8.548960       5.136560
   0.700     0.1040E+01       6.028573     -21.045128      15.016554       2.059412      -7.565153       4.797316
   0.800     0.1125E+01       5.591547     -23.088575      17.497028       4.418159      -6.581341       4.458071
   0.900     0.1227E+01       5.154520     -25.132025      19.977505       6.776906      -5.597534       4.118826
   1.000     0.1342E+01       4.717493     -27.175470      22.457977       9.135652      -4.613724       3.779582
   1.100     0.1468E+01       4.280466     -29.218920      24.938454      11.494398      -3.629917       3.440338
   1.200     0.1601E+01       3.843439     -31.262369      27.418930      13.853144      -2.646106       3.101093
   1.300     0.1778E+01       6.080457     -35.620667      29.540209      16.423420      -1.339017       2.703978
   1.400     0.1959E+01       8.317473     -39.978954      31.661482      18.993694      -0.031929       2.306863
   1.500     0.2146E+01      10.554490     -44.337246      33.782757      21.563969       1.275159       1.909747
   1.600     0.2338E+01      12.791510     -48.695541      35.904030      24.134243       2.582248       1.512631
   1.700     0.2535E+01      15.028528     -53.053841      38.025311      26.704523       3.889338       1.115516
   1.800     0.2738E+01      17.265549     -57.412132      40.146584      29.274796       5.196428       0.718401
   1.900     0.3076E+01      21.372398     -65.144905      43.772507      32.180325       7.407500       0.562748
   2.000     0.3424E+01      25.479250     -72.877678      47.398430      35.085857       9.618576       0.407094
   2.100     0.3778E+01      29.586109     -80.610466      51.024357      37.991386      11.829654       0.251440
   2.200     0.4136E+01      33.692959     -88.343246      54.650284      40.896908      14.040728       0.095787
   2.300     0.4498E+01      37.799805     -96.076004      58.276203      43.802441      16.251801      -0.059865
   2.400     0.4861E+01      41.906658    -103.808777      61.902122      46.707966      18.462877      -0.215521
   2.500     0.5129E+01      44.890018    -108.901443      64.011429      49.547642      20.356657      -0.033926
   2.600     0.5398E+01      47.873375    -113.994102      66.120728      52.387321      22.250444       0.147670
   2.700     0.5669E+01      50.856728    -119.086754      68.230026      55.226994      24.144224       0.329266
   2.800     0.5940E+01      53.840084    -124.179413      70.339333      58.066673      26.038004       0.510861
   2.900     0.6212E+01      56.823441    -129.272079      72.448639      60.906342      27.931787       0.692458
   3.000     0.6485E+01      59.806789    -134.364716      74.557930      63.746017      29.825567       0.874054
   3.100     0.6585E+01      66.761330    -140.253662      73.492332      62.648479      26.910067       0.023946
   3.200     0.6704E+01      73.715836    -146.142548      72.426704      61.550922      23.994562      -0.826160
   3.300     0.6846E+01      80.670334    -152.031403      71.361076      60.453362      21.079056      -1.676266
   3.400     0.7014E+01      87.624855    -157.920288      70.295441      59.355808      18.163548      -2.526375
   3.500     0.7209E+01      94.579369    -163.809189      69.229820      58.258259      15.248045      -3.376479
   3.600     0.7430E+01     101.533882    -169.698059      68.164185      57.160683      12.332536      -4.226584
   3.700     0.7745E+01     108.973312    -176.345276      67.371956      56.310577      13.721444      -5.236334
   3.800     0.8066E+01     116.412735    -182.992447      66.579712      55.460468      15.110349      -6.246083
   3.900     0.8389E+01     123.852158    -189.639633      65.787476      54.610367      16.499258      -7.255836
   4.000     0.8716E+01     131.291611    -196.286850      64.995239      53.760258      17.888163      -8.265589
   4.100     0.9046E+01     138.731018    -202.934021      64.203011      52.910152      19.277071      -9.275339
   4.200     0.9379E+01     146.170441    -209.581207      63.410767      52.060040      20.666000     -10.285089
   4.300     0.9421E+01     148.086166    -210.694733      62.608559      49.996643      20.556242     -10.831871
   4.400     0.9465E+01     150.001907    -211.808258      61.806351      47.933243      20.446486     -11.378653
   4.500     0.9511E+01     151.917618    -212.921753      61.004135      45.869831      20.336731     -11.925434
   4.600     0.9559E+01     153.833359    -214.035278      60.201920      43.806435      20.226974     -12.472214
   4.700     0.9608E+01     155.749100    -215.148804      59.399708      41.743019      20.117222     -13.018997
   4.800     0.9659E+01     157.664780    -216.262238      58.597466      39.679604      20.007425     -13.565784
   4.900     0.9875E+01     163.360107    -220.840073      57.479965      37.464558      18.696339     -14.018782
   5.000     0.1010E+02     169.055450    -225.417908      56.362453      35.249489      17.385260     -14.471767
   5.100     0.1032E+02     174.750717    -229.995651      55.244938      33.034420      16.074177     -14.924762
   5.200     0.1055E+02     180.446060    -234.573486      54.127426      30.819347      14.763094     -15.377751
   5.300     0.1078E+02     186.141418    -239.151337      53.009922      28.604288      13.452015     -15.830746
   5.400     0.1101E+02     191.836731    -243.729156      51.892422      26.389223      12.140951     -16.283735
   5.500     0.1100E+02     192.650970    -243.314148      50.663174      23.791019       9.071797     -17.217659
   5.600     0.1099E+02     193.465149    -242.899063      49.433914      21.192808       6.002640     -18.151577
   5.700     0.1099E+02     194.279312    -242.483948      48.204643      18.594582       2.933464     -19.085499
   5.800     0.1099E+02     195.093506    -242.068893      46.975388      15.996373      -0.135700     -20.019419
   5.900     0.1100E+02     195.907684    -241.653809      45.746124      13.398165      -3.204861     -20.953339
   6.000     0.1101E+02     196.721893    -241.238739      44.516853      10.799955      -6.274033     -21.887249
   6.100     0.1091E+02     194.772232    -238.436981      43.664749       9.101733      -9.327236     -23.926712
   6.200     0.1080E+02     192.822586    -235.635223      42.812645       7.403514     -12.380442     -25.966173
   6.300     0.1071E+02     190.872894    -232.833435      41.960541       5.705297     -15.433653     -28.005629
   6.400     0.1062E+02     188.923294    -230.031738      41.108444       4.007079     -18.486839     -30.045082
   6.500     0.1053E+02     186.973602    -227.229935      40.256336       2.308863     -21.540031     -32.084549
   6.600     0.1045E+02     185.023941    -224.428177      39.404240       0.610647     -24.593227     -34.123993
   6.700     0.1044E+02     183.766617    -222.348679      38.582058      -3.145009     -32.068581     -35.437073
   6.800     0.1046E+02     182.509415    -220.269302      37.759888      -6.900640     -39.543941     -36.750153
   6.900     0.1049E+02     181.252228    -218.189957      36.937725     -10.656275     -47.019272     -38.063221
   7.000     0.1054E+02     179.995026    -216.110580      36.115555     -14.411903     -54.494621     -39.376297
   7.100     0.1061E+02     178.737808    -214.031189      35.293388     -18.167538     -61.969967     -40.689373
   7.200     0.1069E+02     177.480698    -211.951935      34.471233     -21.923185     -69.445366     -42.002460
   7.300     0.1083E+02     177.919800    -212.646469      34.726673     -25.397442     -74.913200     -41.531517
   7.400     0.1098E+02     178.358780    -213.340881      34.982101     -28.871708     -80.381020     -41.060570
   7.500     0.1113E+02     178.797806    -214.035339      35.237530     -32.345959     -85.848816     -40.589600
   7.600     0.1129E+02     179.236801    -214.729767      35.492970     -35.820225     -91.316650     -40.118652
   7.700     0.1145E+02     179.675858    -215.424255      35.748394     -39.294495     -96.784477     -39.647705
   7.800     0.1162E+02     180.114807    -216.118607      36.003799     -42.768723    -102.252190     -39.176727
   7.900     0.1156E+02     177.877823    -215.919083      38.041260     -44.518833    -100.885246     -38.091137
   8.000     0.1150E+02     175.640808    -215.719528      40.078724     -46.268936     -99.518288     -37.005562
   8.100     0.1144E+02     173.403763    -215.519958      42.116188     -48.019035     -98.151329     -35.919964
   8.200     0.1138E+02     171.166779    -215.320419      44.153637     -49.769127     -96.784386     -34.834400
   8.300     0.1133E+02     168.929749    -215.120850      46.191109     -51.519241     -95.417404     -33.748810
   8.400     0.1127E+02     166.692719    -214.921326      48.228611     -53.269390     -94.050545     -32.663242
   8.500     0.1102E+02     161.328720    -212.849991      51.521275     -54.023705     -88.534889     -30.986992
   8.600     0.1076E+02     155.964645    -210.778580      54.813938     -54.778027     -83.019142     -29.310715
   8.700     0.1051E+02     150.600647    -208.707230      58.106583     -55.532341     -77.503456     -27.634462
   8.800     0.1026E+02     145.236542    -206.635803      61.399269     -56.286667     -71.987709     -25.958195
   8.900     0.1001E+02     139.872498    -204.564453      64.691948     -57.040989     -66.471977     -24.281918
   9.000     0.9766E+01     134.508362    -202.492920      67.984550     -57.795250     -60.956226     -22.605640
   9.100     0.9631E+01     129.766968    -201.515182      71.748215     -58.581524     -58.525623     -20.917400
   9.200     0.9499E+01     125.025558    -200.537354      75.511795     -59.367764     -56.095062     -19.229177
   9.300     0.9371E+01     120.284081    -199.559509      79.275429     -60.154011     -53.664444     -17.540926
   9.400     0.9248E+01     115.542633    -198.581696      83.039062     -60.940269     -51.233856     -15.852686
   9.500     0.9131E+01     110.801231    -197.603912      86.802673     -61.726509     -48.803284     -14.164454
   9.600     0.9019E+01     106.059738    -196.625977      90.566238     -62.512741     -46.372704     -12.476211
   9.700     0.8915E+01      99.043404    -194.143524      95.100121     -63.594322     -46.099312     -10.492641
   9.800     0.8829E+01      92.027000    -191.661041      99.634033     -64.675911     -45.825909      -8.509045
   9.900     0.8763E+01      85.010590    -189.178543     104.167953     -65.757500     -45.552509      -6.525457
  10.000     0.8716E+01      77.994270    -186.696106     108.701843     -66.839096     -45.279110      -4.541883
  10.100     0.8688E+01      70.977875    -184.213623     113.235748     -67.920700     -45.005711      -2.558304
  10.200     0.8677E+01      63.961529    -181.731155     117.769623     -69.002258     -44.732338      -0.574731
  10.300     0.8811E+01      64.450447    -187.302780     122.852333     -69.962196     -39.855259       1.847868
  10.400     0.8956E+01      64.939339    -192.874344     127.935005     -70.922066     -34.978100       4.270481
  10.500     0.9115E+01      65.428246    -198.445862     133.017624     -71.881912     -30.100975       6.693076
  10.600     0.9289E+01      65.917168    -204.017517     138.100357     -72.841774     -25.223818       9.115685
  10.700     0.9479E+01      66.406082    -209.589127     143.183044     -73.801628     -20.346720      11.538279
  10.800     0.9687E+01      66.894966    -215.160645     148.265686     -74.761467     -15.469551      13.960881
  10.900     0.9971E+01      64.963326    -219.042297     154.078964     -76.767067     -16.770668      16.950272
  11.000     0.1026E+02      63.031631    -222.923615     159.891983     -78.772568     -18.071751      19.939598
  11.100     0.1054E+02      61.099930    -226.804947     165.705017     -80.778114     -19.372868      22.928953
  11.200     0.1083E+02      59.168255    -230.686325     171.518066     -82.783653     -20.673958      25.918283
  11.300     0.1112E+02      57.236546    -234.567627     177.331085     -84.789200     -21.975075      28.907631
  11.400     0.1141E+02      55.304863    -238.449005     183.144150     -86.794807     -23.276190      31.897009
  11.500     0.1181E+02      55.757843    -244.976456     189.218613     -89.430901     -27.452871      35.638638
  11.600     0.1222E+02      56.210838    -251.503937     195.293106     -92.067032     -31.629574      39.380322
  11.700     0.1264E+02      56.663811    -258.031342     201.367523     -94.703125     -35.806248      43.121967
  11.800     0.1305E+02      57.116817    -264.558807     207.442001     -97.339264     -39.982967      46.863647
  11.900     0.1347E+02      57.569813    -271.086365     213.516541     -99.975433     -44.159683      50.605328
  12.000     0.1389E+02      58.022751    -277.613586     219.590820    -102.611397     -48.336308      54.346924
  12.100     0.1383E+02      50.617210    -271.820496     221.203293    -102.751114     -50.661179      55.366661
  12.200     0.1378E+02      43.211746    -266.027466     222.815704    -102.890823     -52.985989      56.386387
  12.300     0.1372E+02      35.806217    -260.234253     224.428040    -103.030502     -55.310822      57.406109
  12.400     0.1367E+02      28.400673    -254.441193     226.040527    -103.170197     -57.635647      58.425850
  12.500     0.1363E+02      20.995214    -248.648148     227.652939    -103.309883     -59.960468      59.445580
  12.600     0.1358E+02      13.589723    -242.854980     229.265259    -103.449539     -62.285229      60.465290
  12.700     0.1366E+02      15.469559    -247.826004     232.356445    -100.829353     -55.089306      63.777920
  12.800     0.1375E+02      17.349377    -252.796951     235.447571     -98.209167     -47.893288      67.090561
  12.900     0.1386E+02      19.229195    -257.767883     238.538681     -95.588974     -40.697300      70.403191
  13.000     0.1398E+02      21.108999    -262.738770     241.629776     -92.968826     -33.501362      73.715790
  13.100     0.1412E+02      22.988815    -267.709717     244.720886     -90.348671     -26.305363      77.028427
  13.200     0.1427E+02      24.868624    -272.680634     247.811996     -87.728493     -19.109426      80.341011
  13.300     0.1429E+02      19.564419    -269.419830     249.855423     -89.179375     -19.951574      81.923492
  13.400     0.1432E+02      14.260210    -266.159058     251.898834     -90.630150     -20.793692      83.505966
  13.500     0.1435E+02       8.956057    -262.898346     253.942276     -92.080894     -21.635815      85.088432
  13.600     0.1439E+02       3.651850    -259.637604     255.985764     -93.531670     -22.477945      86.670921
  13.700     0.1442E+02      -1.652308    -256.376862     258.029175     -94.982437     -23.320055      88.253387
  13.800     0.1446E+02      -6.956501    -253.116043     260.072540     -96.433182     -24.162184      89.835854
  13.900     0.1445E+02      -9.289302    -251.138824     260.428131     -96.102005     -22.254459      91.833511
  14.000     0.1444E+02     -11.622091    -249.161179     260.783264     -95.770737     -20.346718      93.831047
  14.100     0.1443E+02     -13.954903    -247.183563     261.138458     -95.439476     -18.438961      95.828606
  14.200     0.1442E+02     -16.287695    -245.205963     261.493652     -95.108208     -16.531231      97.826141
  14.300     0.1442E+02     -18.620506    -243.228424     261.848938     -94.776962     -14.623455      99.823708
  14.400     0.1441E+02     -20.953342    -241.250641     262.203979     -94.445671     -12.715685     101.821205
  14.500     0.1440E+02     -23.172403    -239.845901     263.018311     -92.529945     -10.694169     102.976654
  14.600     0.1438E+02     -25.391464    -238.440994     263.832458     -90.614212      -8.672665     104.132088
  14.700     0.1436E+02     -27.610508    -237.036133     264.646637     -88.698471      -6.651179     105.287491
  14.800     0.1435E+02     -29.829576    -235.631180     265.460754     -86.782753      -4.629682     106.442955
  14.900     0.1433E+02     -32.048641    -234.226318     266.274963     -84.867012      -2.608170     107.598366
  15.000     0.1432E+02     -34.267658    -232.821396     267.089050     -82.951225      -0.586679     108.753761
  15.100     0.1433E+02     -34.008247    -232.681732     266.689972     -83.065056      -0.636626     109.990990
  15.200     0.1434E+02     -33.748825    -232.542007     266.290833     -83.178810      -0.686513     111.228218
  15.300     0.1436E+02     -33.489403    -232.402374     265.891785     -83.292534      -0.736397     112.465492
  15.400     0.1437E+02     -33.229980    -232.262634     265.492615     -83.406288      -0.786299     113.702744
  15.500     0.1438E+02     -32.970562    -232.122971     265.093536     -83.520050      -0.836170     114.939957
  15.600     0.1440E+02     -32.711124    -231.983215     264.694336     -83.633698      -0.886034     116.177162
  15.700     0.1419E+02     -36.656319    -226.615326     263.271637     -79.017952       1.792038     115.939804
  15.800     0.1399E+02     -40.601547    -221.247299     261.848846     -74.402206       4.470081     115.702316
  15.900     0.1379E+02     -44.546772    -215.879196     260.425964     -69.786469       7.148119     115.464851
  16.000     0.1359E+02     -48.491966    -210.511139     259.003113     -65.170776       9.826149     115.227371
  16.100     0.1340E+02     -52.437195    -205.143158     257.580353     -60.555050      12.504189     114.989914
  16.200     0.1321E+02     -56.382381    -199.774933     256.157318     -55.939358      15.182185     114.752342
  16.300     0.1310E+02     -57.048920    -197.382263     254.431183     -52.782387      20.045382     114.874092
  16.400     0.1300E+02     -57.715420    -194.989624     252.705048     -49.625473      24.908472     114.995819
  16.500     0.1290E+02     -58.381943    -192.596909     250.978851     -46.468472      29.771656     115.117569
  16.600     0.1281E+02     -59.048447    -190.204285     249.252731     -43.311501      34.634850     115.239288
  16.700     0.1273E+02     -59.714962    -187.811630     247.526596     -40.154522      39.498028     115.361008
  16.800     0.1265E+02     -60.381577    -185.419083     245.800659     -36.997723      44.361164     115.482765
  16.900     0.1251E+02     -63.193279    -181.451996     244.645279     -35.596867      45.632320     114.307411
  17.000     0.1238E+02     -66.005013    -177.484802     243.489807     -34.195984      46.903488     113.132027
  17.100     0.1225E+02     -68.816742    -173.517609     242.334351     -32.795094      48.174656     111.956619
  17.200     0.1212E+02     -71.628517    -169.550446     241.178970     -31.394207      49.445847     110.781235
  17.300     0.1199E+02     -74.440262    -165.583282     240.023544     -29.993328      50.717010     109.605888
  17.400     0.1186E+02     -77.251915    -161.616089     238.868011     -28.592409      51.988155     108.430473
  17.500     0.1172E+02     -76.820885    -160.011536     236.832428     -29.252707      46.131359     107.662285
  17.600     0.1158E+02     -76.389824    -158.407104     234.796921     -29.913239      40.274376     106.893967
  17.700     0.1145E+02     -75.958794    -156.802643     232.761444     -30.573772      34.417397     106.125671
  17.800     0.1132E+02     -75.527748    -155.198273     230.726013     -31.234301      28.560423     105.357384
  17.900     0.1120E+02     -75.096710    -153.593842     228.690552     -31.894819      22.703554     104.589088
  18.000     0.1108E+02     -74.665657    -151.989441     226.655090     -32.555393      16.846561     103.820763
  18.100     0.1091E+02     -73.296814    -150.245544     223.542358     -29.476391      21.679720     101.767410
  18.200     0.1075E+02     -71.927872    -148.501404     220.429276     -26.397238      26.512970      99.713959
  18.300     0.1059E+02     -70.558899    -146.757294     217.316193     -23.318081      31.346228      97.660545
  18.400     0.1044E+02     -69.189980    -145.013245     214.203217     -20.238989      36.179390      95.607124
  18.500     0.1029E+02     -67.821014    -143.269119     211.090134     -17.159834      41.012638      93.553711
  18.600     0.1016E+02     -66.452026    -141.524841     207.976868     -14.080676      45.845867      91.500214
  18.700     0.9907E+01     -65.522049    -138.742935     204.264984     -14.649357      40.427933      88.650543
  18.800     0.9663E+01     -64.592110    -135.961121     200.553223     -15.218093      35.009983      85.800873
  18.900     0.9423E+01     -63.662178    -133.179321     196.841507     -15.786810      29.592125      82.951248
  19.000     0.9188E+01     -62.732262    -130.397552     193.129807     -16.355555      24.174173      80.101608
  19.100     0.8958E+01     -61.802330    -127.615715     189.418045     -16.924288      18.756220      77.251945
  19.200     0.8734E+01     -60.872395    -124.833862     185.706253     -17.493021      13.338297      74.402283
  19.300     0.8551E+01     -59.333805    -122.924133     182.257935     -18.458879      13.475982      70.872086
  19.400     0.8369E+01     -57.795258    -121.014404     178.809662     -19.424715      13.613669      67.342003
  19.500     0.8190E+01     -56.256672    -119.104675     175.361343     -20.390566      13.751363      63.811852
  19.600     0.8013E+01     -54.718090    -117.194946     171.913040     -21.356421      13.889058      60.281712
  19.700     0.7838E+01     -53.179527    -115.285164     168.464691     -22.322275      14.026753      56.751568
  19.800     0.7666E+01     -51.641010    -113.375488     165.016495     -23.288185      14.164455      53.221382
  19.900     0.7563E+01     -46.600323    -115.087677     161.688004     -23.515676      14.070664      50.050499
  20.000     0.7463E+01     -41.559525    -116.799881     158.359406     -23.743166      13.976874      46.879559
  20.100     0.7367E+01     -36.518742    -118.512009     155.030746     -23.970657      13.883080      43.708595
  20.200     0.7274E+01     -31.477949    -120.224258     151.702209     -24.198156      13.789294      40.537655
  20.300     0.7185E+01     -26.437155    -121.936424     148.373581     -24.425648      13.695499      37.366707
  20.400     0.7100E+01     -21.396437    -123.648544     145.044983     -24.653116      13.601707      34.195831
  20.500     0.6914E+01     -19.374760    -121.924469     141.299225     -25.445265       8.303537      30.611940
  20.600     0.6740E+01     -17.353256    -120.200272     137.553528     -26.237503       3.005320      27.027906
  20.700     0.6579E+01     -15.331740    -118.476105     133.807846     -27.029743      -2.292901      23.443871
  20.800     0.6432E+01     -13.310238    -116.751999     130.062241     -27.821972      -7.591121      19.859846
  20.900     0.6301E+01     -11.288772    -115.027847     126.316620     -28.614210     -12.889239      16.275875
  21.000     0.6187E+01      -9.267307    -113.303635     122.570938     -29.406460     -18.187437      12.691820
  21.100     0.6179E+01      -4.406292    -115.181442     119.587730     -31.098780     -20.057346      10.386820
  21.200     0.6176E+01       0.454903    -117.059258     116.604355     -32.791023     -21.927189       8.081945
  21.300     0.6180E+01       5.316092    -118.937096     113.621002     -34.483246     -23.797031       5.777072
  21.400     0.6190E+01      10.177190    -120.814888     110.637695     -36.175457     -25.666840       3.472237
  21.500     0.6208E+01      15.038386    -122.692711     107.654327     -37.867691     -27.536680       1.167360
  21.600     0.6234E+01      19.899586    -124.570496     104.670906     -39.559895     -29.406504      -1.137485
  21.700     0.5981E+01      21.284575    -120.379845      99.095268     -38.837482     -27.941767      -4.428117
  21.800     0.5733E+01      22.669500    -116.189156      93.519653     -38.115097     -26.477022      -7.718804
  21.900     0.5489E+01      24.054382    -111.998535      87.944153     -37.392708     -25.012306     -11.009422
  22.000     0.5251E+01      25.439312    -107.807907      82.368591     -36.670322     -23.547564     -14.300106
  22.100     0.5019E+01      26.824232    -103.617203      76.792969     -35.947926     -22.082819     -17.590786
  22.200     0.4795E+01      28.209141     -99.426529      71.217384     -35.225533     -20.618078     -20.881464
  22.300     0.4683E+01      29.526289     -96.403320      66.877029     -36.562546     -20.767727     -23.914736
  22.400     0.4580E+01      30.843323     -93.380089      62.536766     -37.899555     -20.917383     -26.947933
  22.500     0.4487E+01      32.160404     -90.356812      58.196404     -39.236584     -21.067053     -29.981184
  22.600     0.4403E+01      33.477474     -87.333542      53.856064     -40.573605     -21.216724     -33.014446
  22.700     0.4331E+01      34.794544     -84.310257      49.515713     -41.910637     -21.366386     -36.047707
  22.800     0.4271E+01      36.111629     -81.286987      45.175362     -43.247700     -21.516100     -39.081017
  22.900     0.4206E+01      35.057968     -75.146713      40.088745     -43.832390     -23.667290     -43.395351
  23.000     0.4163E+01      34.004299     -69.006363      35.002068     -44.417088     -25.818506     -47.709747
  23.100     0.4144E+01      32.950653     -62.866020      29.915367     -45.001785     -27.969723     -52.024158
  23.200     0.4147E+01      31.896988     -56.725670      24.828684     -45.586487     -30.120937     -56.338554
  23.300     0.4173E+01      30.843336     -50.585335      19.742001     -46.171185     -32.272156     -60.652966
  23.400     0.4225E+01      29.789675     -44.445076      14.655399     -46.755867     -34.423309     -64.967255
  23.500     0.4236E+01      32.353939     -42.794792      10.440853     -47.420341     -31.691402     -68.387566
  23.600     0.4392E+01      34.918240     -41.144463       6.226224     -48.084862     -28.959480     -71.807976
  23.700     0.4567E+01      37.482529     -39.494122       2.011592     -48.749382     -26.227551     -75.228355
  23.800     0.4747E+01      40.046818     -37.843784      -2.203034     -49.413902     -23.495625     -78.648750
  23.900     0.4932E+01      42.611084     -36.193508      -6.417577     -50.078415     -20.763756     -82.069099
  24.000     0.5122E+01      45.175362     -34.543133     -10.632230     -50.742947     -18.031837     -85.489471
  24.100     0.5272E+01      44.421032     -29.152925     -15.268106     -51.866520     -20.105219     -89.061752
  24.200     0.5439E+01      43.666698     -23.762909     -19.903790     -52.990025     -22.178616     -92.633835
  24.300     0.5619E+01      42.912361     -18.372875     -24.539486     -54.113522     -24.252003     -96.205879
  24.400     0.5814E+01      42.158062     -12.982969     -29.175093     -55.237003     -26.325356     -99.777870
  24.500     0.6021E+01      41.403751      -7.592964     -33.810787     -56.360497     -28.398745    -103.349915
  24.600     0.6239E+01      40.649426      -2.203014     -38.446411     -57.483967     -30.472113    -106.921875
  24.700     0.6248E+01      42.369625      -2.095493     -40.274132     -56.095074     -28.869720    -107.586273
  24.800     0.6259E+01      44.089802      -1.987743     -42.102058     -54.706158     -27.267282    -108.250824
  24.900     0.6271E+01      45.809940      -1.879978     -43.929962     -53.317265     -25.664879    -108.915306
  25.000     0.6287E+01      47.530117      -1.772209     -45.757908     -51.928368     -24.062437    -109.579849
  25.100     0.6304E+01      49.250286      -1.664440     -47.585846     -50.539448     -22.460003    -110.244377
  25.200     0.6323E+01      50.970440      -1.556622     -49.413818     -49.150536     -20.857557    -110.908905
  25.300     0.6413E+01      49.178471       2.955524     -52.133995     -48.699497     -20.679924    -112.619186
  25.400     0.6511E+01      47.386494       7.467403     -54.853897     -48.248524     -20.502317    -114.329361
  25.500     0.6614E+01      45.594467      11.979378     -57.573845     -47.797512     -20.324713    -116.039528
  25.600     0.6723E+01      43.802460      16.491344     -60.293804     -47.346531     -20.147110    -117.749741
  25.700     0.6837E+01      42.010448      21.003300     -63.013748     -46.895538     -19.969507    -119.459946
  25.800     0.6956E+01      40.218468      25.515274     -65.733742     -46.444595     -19.791899    -121.170242
  25.900     0.7081E+01      38.434452      28.392757     -66.827209     -47.829487     -18.784168    -122.756645
  26.000     0.7206E+01      36.650425      31.270351     -67.920776     -49.214397     -17.776405    -124.343124
  26.100     0.7331E+01      34.866379      34.147972     -69.014351     -50.599331     -16.768650    -125.929588
  26.200     0.7457E+01      33.082363      37.025562     -70.107925     -51.984261     -15.760890    -127.516068
  26.300     0.7583E+01      31.298325      39.903152     -71.201477     -53.369156     -14.753131    -129.102539
  26.400     0.7709E+01      29.514296      42.780708     -72.295006     -54.754044     -13.745387    -130.688904
  26.500     0.7734E+01      27.237303      45.229141     -72.466446     -55.488346     -14.006817    -130.465286
  26.600     0.7760E+01      24.960358      47.677719     -72.638077     -56.222717     -14.268234    -130.241791
  26.700     0.7787E+01      22.683420      50.126266     -72.809685     -56.957081     -14.529655    -130.018280
  26.800     0.7815E+01      20.406481      52.574837     -72.981316     -57.691444     -14.791072    -129.794785
  26.900     0.7844E+01      18.129593      55.023331     -73.152924     -58.425808     -15.052487    -129.571274
  27.000     0.7874E+01      15.852667      57.471893     -73.324562     -59.160179     -15.313894    -129.347794
  27.100     0.7808E+01      14.801068      57.534000     -72.335068     -57.933014     -13.162686    -128.721451
  27.200     0.7743E+01      13.749399      57.595863     -71.345261     -56.705742     -11.011471    -128.094818
  27.300     0.7678E+01      12.697747      57.657715     -70.355461     -55.478458      -8.860253    -127.468224
  27.400     0.7615E+01      11.646106      57.719585     -69.365692     -54.251228      -6.709080    -126.841644
  27.500     0.7553E+01      10.594444      57.781456     -68.375900     -53.023960      -4.557861    -126.215042
  27.600     0.7491E+01       9.542764      57.843239     -67.386002     -51.796654      -2.406651    -125.588326
  27.700     0.7415E+01       7.455366      58.280102     -65.735466     -53.476871      -5.098641    -123.365150
  27.800     0.7343E+01       5.368019      58.717117     -64.085136     -55.157124      -7.790654    -121.142075
  27.900     0.7278E+01       3.280691      59.154129     -62.434818     -56.837345     -10.482617    -118.919044
  28.000     0.7218E+01       1.193339      59.591156     -60.784496     -58.517616     -13.174632    -116.696014
  28.100     0.7164E+01      -0.894022      60.028194     -59.134171     -60.197887     -15.866646    -114.472954
  28.200     0.7117E+01      -2.981364      60.465240     -57.483875     -61.878143     -18.558645    -112.249908
  28.300     0.6971E+01      -5.393970      60.465370     -55.071400     -61.800385     -16.503241    -109.510147
  28.400     0.6826E+01      -7.806562      60.465370     -52.658810     -61.722557     -14.447853    -106.770287
  28.500     0.6681E+01     -10.219190      60.465343     -50.246155     -61.644726     -12.392418    -104.030365
  28.600     0.6537E+01     -12.631834      60.465370     -47.833538     -61.566910     -10.336997    -101.290466
  28.700     0.6394E+01     -15.044465      60.465363     -45.420898     -61.489071      -8.281561     -98.550560
  28.800     0.6251E+01     -17.457087      60.465385     -43.008301     -61.411312      -6.226147     -95.810707
  28.900     0.6039E+01     -19.243101      57.990898     -38.747799     -61.008171      -6.545435     -92.047066
  29.000     0.5832E+01     -21.029121      55.516392     -34.487270     -60.605061      -6.864714     -88.283440
  29.100     0.5632E+01     -22.815147      53.041893     -30.226744     -60.201965      -7.184006     -84.519783
  29.200     0.5439E+01     -24.601177      50.567398     -25.966219     -59.798847      -7.503294     -80.756165
  29.300     0.5254E+01     -26.387211      48.092911     -21.705698     -59.395760      -7.822584     -76.992523
  29.400     0.5078E+01     -28.173204      45.618427     -17.445223     -58.992622      -8.141863     -73.228951
  29.500     0.4916E+01     -30.103004      44.544769     -14.441765     -58.130447      -8.333453     -69.539062
  29.600     0.4761E+01     -32.032707      43.471146     -11.438438     -57.268364      -8.525035     -65.849274
  29.700     0.4614E+01     -33.962410      42.397533      -8.435122     -56.406269      -8.716600     -62.159466
  29.800     0.4474E+01     -35.892120      41.323914      -5.431795     -55.544189      -8.908179     -58.469681
  29.900     0.4343E+01     -37.821800      40.250332      -2.428532     -54.682125      -9.099748     -54.779949
  30.000     0.4219E+01     -39.751465      39.176712       0.574753     -53.820061      -9.291307     -51.090172
  30.100     0.4069E+01     -40.898903      37.480579       3.418325     -51.663044     -10.871776     -47.931316
  30.200     0.3922E+01     -42.046341      35.784336       6.262006     -49.505833     -12.452266     -44.772331
  30.300     0.3780E+01     -43.193787      34.088108       9.105679     -47.348633     -14.032744     -41.613350
  30.400     0.3642E+01     -44.341217      32.391922      11.949297     -45.191471     -15.613200     -38.454449
  30.500     0.3508E+01     -45.488678      30.695702      14.792975     -43.034271     -17.193680     -35.295460
  30.600     0.3378E+01     -46.636108      28.999447      17.636662     -40.877026     -18.774162     -32.136471
  30.700     0.3237E+01     -46.913437      28.259018      18.654419     -38.745621     -19.263020     -29.039318
  30.800     0.3099E+01     -47.190826      27.518650      19.672176     -36.614357     -19.751936     -25.942196
  30.900     0.2964E+01     -47.468197      26.778322      20.689875     -34.483135     -20.240833     -22.845142
  31.000     0.2832E+01     -47.745579      26.037954      21.707624     -32.351883     -20.729748     -19.748034
  31.100     0.2704E+01     -48.022968      25.297611      22.725357     -30.220617     -21.218668     -16.650921
  31.200     0.2580E+01     -48.300369      24.557283      23.743086     -28.089386     -21.707598     -13.553818
  31.300     0.2439E+01     -47.807571      24.469519      23.338053     -25.419416     -17.896183     -11.909475
  31.400     0.2305E+01     -47.314671      24.381704      22.932966     -22.749405     -14.084740     -10.265167
  31.500     0.2181E+01     -46.821766      24.293915      22.527851     -20.079334     -10.273211      -8.620820
  31.600     0.2070E+01     -46.328869      24.206106      22.122763     -17.409281      -6.461691      -6.976480
  31.700     0.1972E+01     -45.835972      24.118322      21.717649     -14.739217      -2.650156      -5.332135
  31.800     0.1890E+01     -45.343067      24.030525      21.312542     -12.069194       1.161341      -3.687775
  31.900     0.1783E+01     -43.233730      22.899006      20.334724     -12.085127      -1.093565      -2.448538
  32.000     0.1691E+01     -41.124424      21.767538      19.356886     -12.101092      -3.348551      -1.209289
  32.100     0.1629E+01     -39.015068      20.636023      18.379045     -12.117057      -5.603566       0.029977
  32.200     0.1597E+01     -36.905800      19.504568      17.401232     -12.133018      -7.858520       1.269200
  32.300     0.1583E+01     -34.796528      18.373102      16.423426     -12.148980     -10.113463       2.508419
  32.400     0.1580E+01     -32.687130      17.241537      15.445593     -12.164861     -12.368417       3.747633
  32.500     0.1381E+01     -29.727797      15.377751      14.350045     -10.684171      -8.938121       3.065155
  32.600     0.1189E+01     -26.768320      13.513859      13.254461      -9.203428      -5.507675       2.382660
  32.700     0.1010E+01     -23.808954      11.650040      12.158915      -7.722752      -2.077369       1.700187
  32.800     0.8489E+00     -20.849600       9.786228      11.063372      -6.242072       1.352942       1.017718
  32.900     0.7593E+00     -17.890118       7.922328       9.967790      -4.761335       4.783385       0.335223
  33.000     0.7406E+00     -14.930764       6.058518       8.872246      -3.280673       8.213667      -0.347239
  33.100     0.6172E+00     -12.442270       5.048747       7.393523      -2.733906       6.844736      -0.289356
  33.200     0.4937E+00      -9.953848       4.039013       5.914835      -2.187134       5.475816      -0.231485
  33.300     0.3703E+00      -7.465430       3.029276       4.436154      -1.640359       4.106888      -0.173614
  33.400     0.2469E+00      -4.976915       2.019501       2.957414      -1.093565       2.737901      -0.115742
  33.500     0.1234E+00      -2.488496       1.009766       1.478730      -0.546790       1.368972      -0.057872
  33.600     0.0000E+00       0.000000       0.000000       0.000000       0.000000       0.000000       0.000000
  33.700     0.0000E+00       0.000000       0.000000       0.000000       0.000000       0.000000       0.000000
  33.800     0.0000E+00       0.000000       0.000000       0.000000       0.000000       0.000000       0.000000
  33.900     0.0000E+00       0.000000       0.000000       0.000000       0.000000       0.000000       0.000000
  34.000     0.0000E+00       0.000000       0.000000       0.000000       0.000000       0.000000       0.000000
  34.100     0.0000E+00       0.000000       0.000000       0.000000       0.000000       0.000000       0.000000
  34.200     0.0000E+00       0.000000       0.000000       0.000000       0.000000       0.000000       0.000000
  34.300     0.0000E+00       0.000000       0.000000       0.000000       0.000000       0.000000       0.000000
  34.400     0.0000E+00       0.000000       0.000000       0.000000       0.000000       0.000000       0.000000
  34.500     0.0000E+00       0.000000       0.000000       0.000000       0.000000       0.000000       0.000000
  34.600     0.0000E+00       0.000000       0.000000       0.000000       0.000000       0.000000       0.000000
  34.700     0.0000E+00       0.000000       0.000000       0.000000       0.000000       0.000000       0.000000
  34.800     0.0000E+00       0.000000       0.000000       0.000000       0.000000       0.000000       0.000000
  34.900     0.0000E+00       0.000000       0.000000       0.000000       0.000000       0.000000       0.000000
  35.000     0.0000E+00       0.000000       0.000000       0.000000       0.000000       0.000000       0.000000
  35.100     0.0000E+00       0.000000       0.000000       0.000000       0.000000       0.000000       0.000000
  35.200     0.0000E+00       0.000000       0.000000       0.000000       0.000000       0.000000       0.000000
  35.300     0.0000E+00       0.000000       0.000000       0.000000       0.000000       0.000000       0.000000
  35.400     0.0000E+00       0.000000       0.000000       0.000000       0.000000       0.000000       0.000000
  35.500     0.0000E+00       0.000000       0.000000       0.000000       0.000000       0.000000       0.000000
  35.600     0.0000E+00       0.000000       0.000000       0.000000       0.000000       0.000000       0.000000
  35.700     0.0000E+00       0.000000       0.000000       0.000000       0.000000       0.000000       0.000000
  35.800     0.0000E+00       0.000000       0.000000       0.000000       0.000000       0.000000       0.000000
  35.900     0.0000E+00       0.000000       0.000000       0.000000       0.000000       0.000000       0.000000
  36.000     0.0000E+00       0.000000       0.000000       0.000000       0.000000       0.000000       0.000000
  36.100     0.0000E+00       0.000000       0.000000       0.000000       0.000000       0.000000       0.000000
  36.200     0.0000E+00       0.000000       0.000000       0.000000       0.000000       0.000000       0.000000
  36.300     0.0000E+00       0.000000       0.000000       0.000000       0.000000       0.000000       0.000000
  36.400     0.0000E+00       0.000000       0.000000       0.000000       0.000000       0.000000       0.000000
  36.500     0.0000E+00       0.000000       0.000000       0.000000       0.000000       0.000000       0.000000
  36.600     0.0000E+00       0.000000       0.000000       0.000000       0.000000       0.000000       0.000000
  36.700     0.0000E+00       0.000000       0.000000       0.000000       0.000000       0.000000       0.000000
  36.800     0.0000E+00       0.000000       0.000000       0.000000       0.000000       0.000000       0.000000
  36.900     0.0000E+00       0.000000       0.000000       0.000000       0.000000       0.000000       0.000000
  37.000     0.0000E+00       0.000000       0.000000       0.000000       0.000000       0.000000       0.000000
  37.100     0.0000E+00       0.000000       0.000000       0.000000       0.000000       0.000000       0.000000
  37.200     0.0000E+00       0.000000       0.000000       0.000000       0.000000       0.000000       0.000000
  37.300     0.0000E+00       0.000000       0.000000       0.000000       0.000000       0.000000       0.000000
  37.400     0.0000E+00       0.000000       0.000000       0.000000       0.000000       0.000000       0.000000
  37.500     0.0000E+00       0.000000       0.000000       0.000000       0.000000       0.000000       0.000000
  37.600     0.0000E+00       0.000000       0.000000       0.000000       0.000000       0.000000       0.000000
  37.700     0.0000E+00       0.000000       0.000000       0.000000       0.000000       0.000000       0.000000
  37.800     0.0000E+00       0.000000       0.000000       0.000000       0.000000       0.000000       0.000000
  37.900     0.0000E+00       0.000000       0.000000       0.000000       0.000000       0.000000       0.000000
  38.000     0.0000E+00       0.000000       0.000000       0.000000       0.000000       0.000000       0.000000
  38.100     0.0000E+00       0.000000       0.000000       0.000000       0.000000       0.000000       0.000000
  38.200     0.0000E+00       0.000000       0.000000       0.000000       0.000000       0.000000       0.000000
  38.300     0.0000E+00       0.000000       0.000000       0.000000       0.000000       0.000000       0.000000
  38.400     0.0000E+00       0.000000       0.000000       0.000000       0.000000       0.000000       0.000000
  38.500     0.0000E+00       0.000000       0.000000       0.000000       0.000000       0.000000       0.000000
  38.600     0.0000E+00       0.000000       0.000000       0.000000       0.000000       0.000000       0.000000
  38.700     0.0000E+00       0.000000       0.000000       0.000000       0.000000       0.000000       0.000000
  38.800     0.0000E+00       0.000000       0.000000       0.000000       0.000000       0.000000       0.000000
  38.900     0.0000E+00       0.000000       0.000000       0.000000       0.000000       0.000000       0.000000
  39.000     0.0000E+00       0.000000       0.000000       0.000000       0.000000       0.000000       0.000000
  39.100     0.0000E+00       0.000000       0.000000       0.000000       0.000000       0.000000       0.000000
  39.200     0.0000E+00       0.000000       0.000000       0.000000       0.000000       0.000000       0.000000
  39.300     0.0000E+00       0.000000       0.000000       0.000000       0.000000       0.000000       0.000000
  39.400     0.0000E+00       0.000000       0.000000       0.000000       0.000000       0.000000       0.000000
  39.500     0.0000E+00       0.000000       0.000000       0.000000       0.000000       0.000000       0.000000
  39.600     0.0000E+00       0.000000       0.000000       0.000000       0.000000       0.000000       0.000000
  39.700     0.0000E+00       0.000000       0.000000       0.000000       0.000000       0.000000       0.000000
  39.800     0.0000E+00       0.000000       0.000000       0.000000       0.000000       0.000000       0.000000
  39.900     0.0000E+00       0.000000       0.000000       0.000000       0.000000       0.000000       0.000000
  40.000     0.0000E+00       0.000000       0.000000       0.000000       0.000000       0.000000       0.000000
  40.100     0.0000E+00       0.000000       0.000000       0.000000       0.000000       0.000000       0.000000
  40.200     0.0000E+00       0.000000       0.000000       0.000000       0.000000       0.000000       0.000000
  40.300     0.0000E+00       0.000000       0.000000       0.000000       0.000000       0.000000       0.000000
  40.400     0.0000E+00       0.000000       0.000000       0.000000       0.000000       0.000000       0.000000
  40.500     0.0000E+00       0.000000       0.000000       0.000000       0.000000       0.000000       0.000000
  40.600     0.0000E+00       0.000000       0.000000       0.000000       0.000000       0.000000       0.000000
  40.700     0.0000E+00       0.000000       0.000000       0.000000       0.000000       0.000000       0.000000
  40.800     0.0000E+00       0.000000       0.000000       0.000000       0.000000       0.000000       0.000000
  40.900     0.0000E+00       0.000000       0.000000       0.000000       0.000000       0.000000       0.000000
  41.000     0.0000E+00       0.000000       0.000000       0.000000       0.000000       0.000000       0.000000
  41.100     0.0000E+00       0.000000       0.000000       0.000000       0.000000       0.000000       0.000000
  41.200     0.0000E+00       0.000000       0.000000       0.000000       0.000000       0.000000       0.000000
  41.300     0.0000E+00       0.000000       0.000000       0.000000       0.000000       0.000000       0.000000
  41.400     0.0000E+00       0.000000       0.000000       0.000000       0.000000       0.000000       0.000000
  41.500     0.0000E+00       0.000000       0.000000       0.000000       0.000000       0.000000       0.000000
  41.600     0.0000E+00       0.000000       0.000000       0.000000       0.000000       0.000000       0.000000
  41.700     0.0000E+00       0.000000       0.000000       0.000000       0.000000       0.000000       0.000000
  41.800     0.0000E+00       0.000000       0.000000       0.000000       0.000000       0.000000       0.000000
  41.900     0.0000E+00       0.000000       0.000000       0.000000       0.000000       0.000000       0.000000
  42.000     0.0000E+00       0.000000       0.000000       0.000000       0.000000       0.000000       0.000000
  42.100     0.0000E+00       0.000000       0.000000       0.000000       0.000000       0.000000       0.000000
  42.200     0.0000E+00       0.000000       0.000000       0.000000       0.000000       0.000000       0.000000
  42.300     0.0000E+00       0.000000       0.000000       0.000000       0.000000       0.000000       0.000000
  42.400     0.0000E+00       0.000000       0.000000       0.000000       0.000000       0.000000       0.000000
  42.500     0.0000E+00       0.000000       0.000000       0.000000       0.000000       0.000000       0.000000
  42.600     0.0000E+00       0.000000       0.000000       0.000000       0.000000       0.000000       0.000000
  42.700     0.0000E+00       0.000000       0.000000       0.000000       0.000000       0.000000       0.000000
  42.800     0.0000E+00       0.000000       0.000000       0.000000       0.000000       0.000000       0.000000
  42.900     0.0000E+00       0.000000       0.000000       0.000000       0.000000       0.000000       0.000000
  43.000     0.0000E+00       0.000000       0.000000       0.000000       0.000000       0.000000       0.000000
  43.100     0.0000E+00       0.000000       0.000000       0.000000       0.000000       0.000000       0.000000
  43.200     0.0000E+00       0.000000       0.000000       0.000000       0.000000       0.000000       0.000000
  43.300     0.0000E+00       0.000000       0.000000       0.000000       0.000000       0.000000       0.000000
  43.400     0.0000E+00       0.000000       0.000000       0.000000       0.000000       0.000000       0.000000
  43.500     0.0000E+00       0.000000       0.000000       0.000000       0.000000       0.000000       0.000000
  43.600     0.0000E+00       0.000000       0.000000       0.000000       0.000000       0.000000       0.000000
  43.700     0.0000E+00       0.000000       0.000000       0.000000       0.000000       0.000000       0.000000
  43.800     0.0000E+00       0.000000       0.000000       0.000000       0.000000       0.000000       0.000000
  43.900     0.0000E+00       0.000000       0.000000       0.000000       0.000000       0.000000       0.000000
  44.000     0.0000E+00       0.000000       0.000000       0.000000       0.000000       0.000000       0.000000
  44.100     0.0000E+00       0.000000       0.000000       0.000000       0.000000       0.000000       0.000000
  44.200     0.0000E+00       0.000000       0.000000       0.000000       0.000000       0.000000       0.000000
  44.300     0.0000E+00       0.000000       0.000000       0.000000       0.000000       0.000000       0.000000
  44.400     0.0000E+00       0.000000       0.000000       0.000000       0.000000       0.000000       0.000000
  44.500     0.0000E+00       0.000000       0.000000       0.000000       0.000000       0.000000       0.000000
  44.600     0.0000E+00       0.000000       0.000000       0.000000       0.000000       0.000000       0.000000
  44.700     0.0000E+00       0.000000       0.000000       0.000000       0.000000       0.000000       0.000000
  44.800     0.0000E+00       0.000000       0.000000       0.000000       0.000000       0.000000       0.000000
  44.900     0.0000E+00       0.000000       0.000000       0.000000       0.000000       0.000000       0.000000
  45.000     0.0000E+00       0.000000       0.000000       0.000000       0.000000       0.000000       0.000000
  45.100     0.0000E+00       0.000000       0.000000       0.000000       0.000000       0.000000       0.000000
  45.200     0.0000E+00       0.000000       0.000000       0.000000       0.000000       0.000000       0.000000
  45.300     0.0000E+00       0.000000       0.000000       0.000000       0.000000       0.000000       0.000000
  45.400     0.0000E+00       0.000000       0.000000       0.000000       0.000000       0.000000       0.000000
  45.500     0.0000E+00       0.000000       0.000000       0.000000       0.000000       0.000000       0.000000
  45.600     0.0000E+00       0.000000       0.000000       0.000000       0.000000       0.000000       0.000000
  45.700     0.0000E+00       0.000000       0.000000       0.000000       0.000000       0.000000       0.000000
  45.800     0.0000E+00       0.000000       0.000000       0.000000       0.000000       0.000000       0.000000
  45.900     0.0000E+00       0.000000       0.000000       0.000000       0.000000       0.000000       0.000000
  46.000     0.0000E+00       0.000000       0.000000       0.000000       0.000000       0.000000       0.000000
  46.100     0.0000E+00       0.000000       0.000000       0.000000       0.000000       0.000000       0.000000
  46.200     0.0000E+00       0.000000       0.000000       0.000000       0.000000       0.000000       0.000000
  46.300     0.0000E+00       0.000000       0.000000       0.000000       0.000000       0.000000       0.000000
  46.400     0.0000E+00       0.000000       0.000000       0.000000       0.000000       0.000000       0.000000
  46.500     0.0000E+00       0.000000       0.000000       0.000000       0.000000       0.000000       0.000000
  46.600     0.0000E+00       0.000000       0.000000       0.000000       0.000000       0.000000       0.000000
  46.700     0.0000E+00       0.000000       0.000000       0.000000       0.000000       0.000000       0.000000
  46.800     0.0000E+00       0.000000       0.000000       0.000000       0.000000       0.000000       0.000000
  46.900     0.0000E+00       0.000000       0.000000       0.000000       0.000000       0.000000       0.000000
  47.000     0.0000E+00       0.000000       0.000000       0.000000       0.000000       0.000000       0.000000
  47.100     0.0000E+00       0.000000       0.000000       0.000000       0.000000       0.000000       0.000000
  47.200     0.0000E+00       0.000000       0.000000       0.000000       0.000000       0.000000       0.000000
  47.300     0.0000E+00       0.000000       0.000000       0.000000       0.000000       0.000000       0.000000
  47.400     0.0000E+00       0.000000       0.000000       0.000000       0.000000       0.000000       0.000000
  47.500     0.0000E+00       0.000000       0.000000       0.000000       0.000000       0.000000       0.000000
  47.600     0.0000E+00       0.000000       0.000000       0.000000       0.000000       0.000000       0.000000
  47.700     0.0000E+00       0.000000       0.000000       0.000000       0.000000       0.000000       0.000000
  47.800     0.0000E+00       0.000000       0.000000       0.000000       0.000000       0.000000       0.000000
  47.900     0.0000E+00       0.000000       0.000000       0.000000       0.000000       0.000000       0.000000
  48.000     0.0000E+00       0.000000       0.000000       0.000000       0.000000       0.000000       0.000000
  48.100     0.0000E+00       0.000000       0.000000       0.000000       0.000000       0.000000       0.000000
  48.200     0.0000E+00       0.000000       0.000000       0.000000       0.000000       0.000000       0.000000
  48.300     0.0000E+00       0.000000       0.000000       0.000000       0.000000       0.000000       0.000000
  48.400     0.0000E+00       0.000000       0.000000       0.000000       0.000000       0.000000       0.000000
  48.500     0.0000E+00       0.000000       0.000000       0.000000       0.000000       0.000000       0.000000
  48.600     0.0000E+00       0.000000       0.000000       0.000000       0.000000       0.000000       0.000000
  48.700     0.0000E+00       0.000000       0.000000       0.000000       0.000000       0.000000       0.000000
  48.800     0.0000E+00       0.000000       0.000000       0.000000       0.000000       0.000000       0.000000
  48.900     0.0000E+00       0.000000       0.000000       0.000000       0.000000       0.000000       0.000000
  49.000     0.0000E+00       0.000000       0.000000       0.000000       0.000000       0.000000       0.000000
  49.100     0.0000E+00       0.000000       0.000000       0.000000       0.000000       0.000000       0.000000
  49.200     0.0000E+00       0.000000       0.000000       0.000000       0.000000       0.000000       0.000000
  49.300     0.0000E+00       0.000000       0.000000       0.000000       0.000000       0.000000       0.000000
  49.400     0.0000E+00       0.000000       0.000000       0.000000       0.000000       0.000000       0.000000
  49.500     0.0000E+00       0.000000       0.000000       0.000000       0.000000       0.000000       0.000000
  49.600     0.0000E+00       0.000000       0.000000       0.000000       0.000000       0.000000       0.000000
  49.700     0.0000E+00       0.000000       0.000000       0.000000       0.000000       0.000000       0.000000
  49.800     0.0000E+00       0.000000       0.000000       0.000000       0.000000       0.000000       0.000000
  49.900     0.0000E+00       0.000000       0.000000       0.000000       0.000000       0.000000       0.000000
  50.000     0.0000E+00       0.000000       0.000000       0.000000       0.000000       0.000000       0.000000
  50.100     0.0000E+00       0.000000       0.000000       0.000000       0.000000       0.000000       0.000000
  50.200     0.0000E+00       0.000000       0.000000       0.000000       0.000000       0.000000       0.000000
  50.300     0.0000E+00       0.000000       0.000000       0.000000       0.000000       0.000000       0.000000
  50.400     0.0000E+00       0.000000       0.000000       0.000000       0.000000       0.000000       0.000000
  50.500     0.0000E+00       0.000000       0.000000       0.000000       0.000000       0.000000       0.000000
