     1    210     .475273        .1042E+21    91.416    331      2   -143    205     87    -86
     2    270     .492195        .9348E+20    88.870      5      2   -113    209     85    -87
     3    300     .526141        .7818E+20    90.029      7      2   -117    215     82    -86
     4    330     .560439        .6212E+20    90.849      7     11   -122    220     80    -83
     5    355     .580812        .4483E+20    97.447      5     16   -121    218     75    -81
     6    380     .578494        .2885E+20    80.336     15     23   -101    207     67    -85
     7    405     .552804        .2247E+20    83.606     48     41    -43    174     63   -122
     8    430     .506742        .2665E+20    32.946     69     75    -59    182     33   -153
     9    440     .450441        .4381E+20    81.181    182     11   -159     72     85    -78
    10    440     .392648        .5988E+20    99.971     68     87    -85    185      2   -152
    11    175     .544873        .3739E+20    62.172    319     25   -149    201     77    -67
    12    210     .522363        .3353E+20    77.963    325     28   -143    202     73    -66
    13    255     .504251        .3053E+20    90.716    336     29   -133    204     68    -68
    14    300     .496176        .2764E+20    92.965    346     32   -124    206     64    -70
    15    340     .495215        .2434E+20    67.350    354     34   -117    207     59    -72
    16    370     .493433        .2053E+20    27.963     16     35    -88    194     54    -90
    17    395     .484118        .1797E+20    56.195    161     65   -145     55     58    -28
    18    420     .463320        .1729E+20    78.480    162     60   -155     59     69    -31
    19    440     .431457        .1793E+20    55.636    167     40   -169     69     83    -49
    20    440     .389069        .1995E+20    83.355     79     88    -71    174     19   -175
    21    150     .574529        .3350E+20    83.032    302     44   -167    203     81    -46
    22    185     .541213        .3071E+20    99.700    304     49   -173    210     85    -40
    23    215     .507491        .2794E+20    90.277     39     86     31    307     58    176
    24    250     .486051        .2606E+20    97.591     46     77     23    311     66    166
    25    290     .482421        .2532E+20    69.900    315     72    158     52     70     18
    26    325     .489342        .2527E+20    40.667    318     75    152     56     63     16
    27    365     .491813        .2472E+20    17.145    321     78    149     58     60     13
    28    400     .477721        .2310E+20     4.841    148     46    155    255     72     45
    29    440     .447099        .2030E+20    28.563    256     76     45    153     46    160
    30    440     .402285        .1764E+20    67.869    157     28    159    265     80     63
    31    150     .623461        .6525E+20    61.266    307     32   -170    208     84    -58
    32    180     .592517        .5836E+20    81.016    306     37   -174    212     86    -52
    33    210     .552934        .5049E+20    94.551    306     44    179     37     89     45
    34    245     .518449        .4383E+20    80.588     44     80     35    308     55    168
    35    280     .498936        .3963E+20    96.560    312     67    155     51     67     24
    36    315     .493659        .3838E+20    62.806     55     56     19    314     74    144
    37    355     .491420        .3814E+20    28.676     58     45     22    312     74    133
    38    395     .479170        .3704E+20    13.215     94     23     76    288     67     95
    39    435     .454167        .3445E+20    27.373    145     27    146    266     75     66
    40    440     .415103        .3413E+20    57.900    152     16    152    269     82     75
    41    145     .651976        .8766E+20    60.164     37     87     64    302     25    174
    42    175     .637099        .8229E+20    72.061     40     84     59    301     31    169
    43    200     .605576        .7389E+20    85.808     43     80     52    301     38    164
    44    235     .569662        .6630E+20    92.622     49     72     46    301     45    155
    45    270     .540336        .6014E+20    86.934     55     62     41    302     53    145
    46    310     .521709        .5652E+20    68.779     61     50     42    301     58    131
    47    350     .507200        .5409E+20    53.022     71     38     51    296     60    116
    48    395     .486322        .5058E+20    44.920    287     63     99     88     28     72
    49    440     .456952        .4540E+20    42.408    113     22    104    277     67     84
    50    440     .412252        .4318E+20    61.376    120     13    114    275     77     84
    51    140     .648791        .9827E+20    64.033     40     84     63    299     26    167
    52    170     .654585        .9705E+20    72.426     43     80     59    298     31    162
    53    200     .638575        .9221E+20    79.917     46     76     55    298     37    157
    54    230     .609973        .8529E+20    84.435     50     70     50    298     43    150
    55    270     .578629        .7885E+20    81.454     56     61     48    297     48    140
    56    310     .550202        .7274E+20    72.810     62     51     49    296     53    129
    57    350     .522396        .6676E+20    63.343     70     41     54    293     57    117
    58    395     .489522        .5986E+20    55.022    288     60    104     80     32     66
    59    440     .452672        .5196E+20    47.288     96     25     84    281     64     92
    60    440     .402224        .4659E+20    58.283    279     74     90     96     15     87
    61    135     .624449        .1042E+21    67.591     40     82     62    297     28    165
    62    160     .647551        .1064E+21    74.696     43     79     57    297     34    161
    63    195     .646144        .1052E+21    78.909     46     74     54    296     38    154
    64    225     .626826        .1000E+21    81.881     50     69     51    296     43    148
    65    265     .597872        .9376E+20    80.261     55     61     49    295     47    139
    66    305     .564817        .8616E+20    75.284    295     52    130     60     52     50
    67    345     .528007        .7754E+20    68.690     66     44     52    293     56    120
    68    390     .486019        .6782E+20    60.449     74     35     59    289     59    109
    69    440     .443022        .5723E+20    48.488    284     63     98     85     27     72
    70    440     .391264        .4986E+20    54.276     80     18     69    282     72     96
    71    125     .588455        .1065E+21    72.423     40     82     58    298     32    166
    72    155     .624544        .1126E+21    76.621     43     78     55    297     36    161
    73    190     .635308        .1143E+21    79.299     46     73     53    296     39    154
    74    225     .625401        .1116E+21    80.828     50     68     51    295     43    147
    75    260     .601268        .1055E+21    80.325     54     61     49    295     47    139
    76    300     .567741        .9722E+20    77.061     59     53     49    294     52    131
    77    340     .526575        .8684E+20    71.985     63     45     50    293     56    123
    78    385     .479028        .7492E+20    63.907     68     37     54    290     59    114
    79    435     .431662        .6237E+20    50.614     76     29     62    287     63    104
    80    440     .381207        .5340E+20    51.041     70     22     56    285     71    102
    81    115     .547186        .1068E+21    77.660     39     83     55    299     35    167
    82    150     .592411        .1161E+21    78.828     43     78     53    297     37    160
    83    185     .613024        .1204E+21    80.417     46     73     52    296     40    153
    84    220     .611811        .1196E+21    81.437     50     67     50    295     44    147
    85    255     .593552        .1146E+21    81.164     53     61     48    294     48    140
    86    295     .562308        .1062E+21    78.744     57     54     48    294     52    132
    87    335     .520224        .9479E+20    74.396     61     47     48    293     56    125
    88    375     .470367        .8158E+20    67.570     64     40     49    292     60    118
    89    425     .420447        .6769E+20    54.174     68     32     53    289     64    110
    90    440     .372254        .5723E+20    49.057     63     26     47    288     70    108
