 All trial positions and shifts for subevent#          1
 (isour = source position,ishift*dt=time shift)
 isour,ishift,corr,moment,DC%,str,dip,rak,str,dip,rak
     1    210     .475273        .1042E+21    91.416    331      2   -143    205     87    -86
     2    270     .492195        .9348E+20    88.870      5      2   -113    209     85    -87
     3    300     .526141        .7818E+20    90.029      7      2   -117    215     82    -86
     4    330     .560439        .6212E+20    90.849      7     11   -122    220     80    -83
     5    355     .580812        .4483E+20    97.447      5     16   -121    218     75    -81
     6    380     .578494        .2885E+20    80.336     15     23   -101    207     67    -85
     7    405     .552804        .2247E+20    83.606     48     41    -43    174     63   -122
     8    430     .506742        .2665E+20    32.946     69     75    -59    182     33   -153
     9    440     .450441        .4381E+20    81.181    182     11   -159     72     85    -78
    10    440     .392648        .5988E+20    99.971     68     87    -85    185      2   -152
    11    175     .544873        .3739E+20    62.172    319     25   -149    201     77    -67
    12    210     .522363        .3353E+20    77.963    325     28   -143    202     73    -66
    13    255     .504251        .3053E+20    90.716    336     29   -133    204     68    -68
    14    300     .496176        .2764E+20    92.965    346     32   -124    206     64    -70
    15    340     .495215        .2434E+20    67.350    354     34   -117    207     59    -72
    16    370     .493433        .2053E+20    27.963     16     35    -88    194     54    -90
    17    395     .484118        .1797E+20    56.195    161     65   -145     55     58    -28
    18    420     .463320        .1729E+20    78.480    162     60   -155     59     69    -31
    19    440     .431457        .1793E+20    55.636    167     40   -169     69     83    -49
    20    440     .389069        .1995E+20    83.355     79     88    -71    174     19   -175
    21    150     .574529        .3350E+20    83.032    302     44   -167    203     81    -46
    22    185     .541213        .3071E+20    99.700    304     49   -173    210     85    -40
    23    215     .507491        .2794E+20    90.277     39     86     31    307     58    176
    24    250     .486051        .2606E+20    97.591     46     77     23    311     66    166
    25    290     .482421        .2532E+20    69.900    315     72    158     52     70     18
    26    325     .489342        .2527E+20    40.667    318     75    152     56     63     16
    27    365     .491813        .2472E+20    17.145    321     78    149     58     60     13
    28    400     .477721        .2310E+20     4.841    148     46    155    255     72     45
    29    440     .447099        .2030E+20    28.563    256     76     45    153     46    160
    30    440     .402285        .1764E+20    67.869    157     28    159    265     80     63
    31    150     .623461        .6525E+20    61.266    307     32   -170    208     84    -58
    32    180     .592517        .5836E+20    81.016    306     37   -174    212     86    -52
    33    210     .552934        .5049E+20    94.551    306     44    179     37     89     45
    34    245     .518449        .4383E+20    80.588     44     80     35    308     55    168
    35    280     .498936        .3963E+20    96.560    312     67    155     51     67     24
    36    315     .493659        .3838E+20    62.806     55     56     19    314     74    144
    37    355     .491420        .3814E+20    28.676     58     45     22    312     74    133
    38    395     .479170        .3704E+20    13.215     94     23     76    288     67     95
    39    435     .454167        .3445E+20    27.373    145     27    146    266     75     66
    40    440     .415103        .3413E+20    57.900    152     16    152    269     82     75
    41    145     .651976        .8766E+20    60.164     37     87     64    302     25    174
    42    175     .637099        .8229E+20    72.061     40     84     59    301     31    169
    43    200     .605576        .7389E+20    85.808     43     80     52    301     38    164
    44    235     .569662        .6630E+20    92.622     49     72     46    301     45    155
    45    270     .540336        .6014E+20    86.934     55     62     41    302     53    145
    46    310     .521709        .5652E+20    68.779     61     50     42    301     58    131
    47    350     .507200        .5409E+20    53.022     71     38     51    296     60    116
    48    395     .486322        .5058E+20    44.920    287     63     99     88     28     72
    49    440     .456952        .4540E+20    42.408    113     22    104    277     67     84
    50    440     .412252        .4318E+20    61.376    120     13    114    275     77     84
    51    140     .648791        .9827E+20    64.033     40     84     63    299     26    167
    52    170     .654585        .9705E+20    72.426     43     80     59    298     31    162
    53    200     .638575        .9221E+20    79.917     46     76     55    298     37    157
    54    230     .609973        .8529E+20    84.435     50     70     50    298     43    150
    55    270     .578629        .7885E+20    81.454     56     61     48    297     48    140
    56    310     .550202        .7274E+20    72.810     62     51     49    296     53    129
    57    350     .522396        .6676E+20    63.343     70     41     54    293     57    117
    58    395     .489522        .5986E+20    55.022    288     60    104     80     32     66
    59    440     .452672        .5196E+20    47.288     96     25     84    281     64     92
    60    440     .402224        .4659E+20    58.283    279     74     90     96     15     87
    61    135     .624449        .1042E+21    67.591     40     82     62    297     28    165
    62    160     .647551        .1064E+21    74.696     43     79     57    297     34    161
    63    195     .646144        .1052E+21    78.909     46     74     54    296     38    154
    64    225     .626826        .1000E+21    81.881     50     69     51    296     43    148
    65    265     .597872        .9376E+20    80.261     55     61     49    295     47    139
    66    305     .564817        .8616E+20    75.284    295     52    130     60     52     50
    67    345     .528007        .7754E+20    68.690     66     44     52    293     56    120
    68    390     .486019        .6782E+20    60.449     74     35     59    289     59    109
    69    440     .443022        .5723E+20    48.488    284     63     98     85     27     72
    70    440     .391264        .4986E+20    54.276     80     18     69    282     72     96
    71    125     .588455        .1065E+21    72.423     40     82     58    298     32    166
    72    155     .624544        .1126E+21    76.621     43     78     55    297     36    161
    73    190     .635308        .1143E+21    79.299     46     73     53    296     39    154
    74    225     .625401        .1116E+21    80.828     50     68     51    295     43    147
    75    260     .601268        .1055E+21    80.325     54     61     49    295     47    139
    76    300     .567741        .9722E+20    77.061     59     53     49    294     52    131
    77    340     .526575        .8684E+20    71.985     63     45     50    293     56    123
    78    385     .479028        .7492E+20    63.907     68     37     54    290     59    114
    79    435     .431662        .6237E+20    50.614     76     29     62    287     63    104
    80    440     .381207        .5340E+20    51.041     70     22     56    285     71    102
    81    115     .547186        .1068E+21    77.660     39     83     55    299     35    167
    82    150     .592411        .1161E+21    78.828     43     78     53    297     37    160
    83    185     .613024        .1204E+21    80.417     46     73     52    296     40    153
    84    220     .611811        .1196E+21    81.437     50     67     50    295     44    147
    85    255     .593552        .1146E+21    81.164     53     61     48    294     48    140
    86    295     .562308        .1062E+21    78.744     57     54     48    294     52    132
    87    335     .520224        .9479E+20    74.396     61     47     48    293     56    125
    88    375     .470367        .8158E+20    67.570     64     40     49    292     60    118
    89    425     .420447        .6769E+20    54.174     68     32     53    289     64    110
    90    440     .372254        .5723E+20    49.057     63     26     47    288     70    108
 
 Selected source position for subevent #          1
 isour,ishift         52         170
 
 SINGULAR values, incl. vardat (min., max, max/min)
    1.783102E-13    3.509128E-13        1.967990
 
 Inversion result:
 coefficients of elem.seismograms a(1),a(2),...a(6):
  .238361E+20  .545402E+20  .558320E+20  .602305E+20 -.363396E+20  .000000E+00
 and their sigma_a(1), sigma_a(2),... sigma_a(6):
  .399688E+13  .477418E+13  .385348E+13  .518446E+13  .418475E+13  .000000E+00
 
 moment (Nm):   9.705426E+19
   moment magnitude:   7.3
             VOL % :    .0
              DC % :  72.4
            CLVD % : -27.6
 strike,dip,rake:         43          80          59
 strike,dip,rake:        298          31         162
 P-axis azimuth and plunge:        157          29
 T-axis azimuth and plunge:        282          45
 B-axis azimuth and plunge:         48          30
 
 After subtraction of subevent #          1
 weighted variance reduction (used components only):
 varred=   4.280846E-01
 =======================================
 
 All trial positions and shifts for subevent#          2
 (isour = source position,ishift*dt=time shift)
 isour,ishift,corr,moment,DC%,str,dip,rak,str,dip,rak
     1    350     .308362        .4481E+20    94.214    242     85    -91     77      2    -75
     2    355     .305321        .4235E+20    94.132    256     84    -84     29      2   -136
     3    335     .335642        .3535E+20    40.571    296     84    -81     58      9   -147
     4    355     .360877        .3791E+20    35.754    312     85    -87    102      2   -118
     5    385     .360307        .3594E+20    37.846    305     84    -84     80      8   -134
     6    415     .340773        .3205E+20    46.467    294     82    -81     65     11   -138
     7    440     .306756        .2534E+20    59.198    273     80    -81     53     12   -128
     8    440     .259960        .1847E+20    67.289     32     12   -115    238     78    -84
     9    440     .193887        .1127E+20    82.053      5     14   -116    213     77    -83
    10    260     .164710        .7502E+19    22.249    199     10   -158     87     86    -80
    11    440     .334706        .1627E+20    65.664    160     60     63     25     38    128
    12    285     .331268        .2071E+20    55.019     33     39   -106    234     52    -76
    13    325     .358152        .2146E+20    57.263     29     42   -114    241     52    -69
    14    365     .365951        .2124E+20    54.135    247     54    -65     29     42   -120
    15    405     .347525        .1968E+20    48.087    252     57    -65     32     40   -123
    16    440     .307537        .1698E+20    40.957    256     61    -67     36     35   -124
    17    440     .236047        .1216E+20    42.889     32     32   -123    250     63    -70
    18    275     .186073        .8970E+19    52.822     65      2     18    317     88     95
    19    285     .150995        .6458E+19    40.206    120     87    -71    218     18   -171
    20    240     .144844        .4518E+19    28.120    229     48   -137    107     59    -50
    21    440     .328050        .1524E+20    83.120    159     58     63     23     40    125
    22    440     .279784        .1178E+20    36.830    145     57     42     29     55    139
    23     40     .296021        .1505E+20    97.525     17     54     27    269     67    140
    24    385     .286289        .1415E+20    83.906    255     63    -56     19     41   -137
    25    420     .271754        .1265E+20    72.261    259     67    -55     18     40   -143
    26    440     .236409        .1017E+20    62.123    264     73    -55     16     37   -153
    27    230     .219321        .8197E+19    57.232     47     18     -2    139     89   -108
    28    275     .196710        .7077E+19    34.873     57     23     -5    152     87   -113
    29    260     .159122        .6447E+19    55.878    223     41   -134     95     61    -58
    30    230     .147302        .6518E+19    47.787     90     45    -76    251     45   -103
    31    440     .313272        .2432E+20    93.236    163     59     70     18     35    119
    32    440     .272607        .2052E+20    26.359    140     64     50     22     45    143
    33     40     .292319        .2343E+20    76.010     19     44     24    271     72    131
    34     50     .286732        .2202E+20    68.045    278     81    128     19     39     13
    35    415     .271866        .2253E+20    69.239    262     71    -62     24     32   -143
    36    170     .238248        .1689E+20    82.206    126     86   -104     22     15    -14
    37    235     .228788        .1470E+20    55.942     42     16    -10    142     87   -106
    38    285     .208073        .1265E+20    56.196     56     21     -6    153     87   -110
    39    325     .165026        .9902E+19    59.811     60     18     -4    154     88   -108
    40    205     .140141        .1034E+20    66.779     81     37    -87    257     52    -91
    41    440     .294657        .2358E+20    68.849    166     64     71     23     31    123
    42    440     .267635        .2159E+20    53.936    141     69     53     26     41    148
    43     40     .291657        .2712E+20    81.216     19     39     20    272     76    127
    44     40     .294378        .2595E+20    78.244    280     88    125     13     35      2
    45     85     .265888        .2291E+20    96.994    111     82   -114      4     25    -18
    46    155     .240520        .1902E+20    67.909      3     17    -34    127     80   -104
    47    240     .229386        .1500E+20    72.005     51     22     -8    150     86   -112
    48    305     .211286        .1365E+20    86.103     74     28     15    330     82    117
    49    385     .179917        .1475E+20    65.278     73     37     44    305     64    118
    50    440     .177879        .1652E+20    91.987     58     35     47    286     64    115
    51    415     .285836        .2317E+20    49.523     39     39    151    152     72     54
    52    435     .269145        .2170E+20    93.300    142     73     53     31     39    153
    53     40     .285024        .2822E+20    80.764     18     39     19    273     77    128
    54     40     .291881        .2728E+20    77.054    101     89   -125     10     35     -1
    55     70     .264584        .2399E+20    94.976    356     27    -27    111     77   -114
    56    440     .237197        .2268E+20    85.500    109     71     70    337     27    134
    57    280     .223905        .1581E+20    63.299     78     38     27    326     73    125
    58    345     .215305        .1835E+20    59.319     78     44     47    310     59    123
    59    425     .201849        .2151E+20    74.680     71     41     62    286     53    112
    60    440     .204099        .2134E+20    92.695     55     36     48    282     63    115
    61    400     .286531        .2516E+20    40.821     45     42    161    149     77     49
    62    420     .275510        .2353E+20    79.189     33     38    157    141     76     53
    63     40     .276958        .2885E+20    72.361    272     77    130     16     41     18
    64     40     .284878        .2800E+20    67.035    101     88   -126      8     36     -2
    65    430     .272212        .2626E+20    94.173    116     71     66    349     29    139
    66    440     .254246        .2559E+20    77.785    115     64     72    331     30    122
    67    395     .232066        .2571E+20    62.032    310     41    114     98     53     69
    68    380     .223308        .2440E+20    60.379    298     49    116     80     46     62
    69    440     .216072        .2597E+20    75.781     70     41     65    281     52    110
    70    440     .218229        .2534E+20    93.922     52     38     47    281     62    117
    71    385     .289328        .2768E+20    35.185     48     42    164    149     79     48
    72    410     .281705        .2583E+20    57.377     35     35    157    143     77     56
    73    415     .282836        .2636E+20    79.993    133     74     61     17     32    149
    74    420     .287345        .2794E+20    89.047    125     70     65      0     31    140
    75    430     .283905        .2867E+20    98.360    122     66     68    346     31    129
    76    440     .267684        .2848E+20    76.159    119     60     74    329     33    115
    77    430     .244406        .2886E+20    56.179    308     39    107    106     52     76
    78    400     .229560        .2864E+20    58.073    293     47    112     82     46     67
    79    440     .223011        .2920E+20    74.508     68     41     64    281     52    111
    80    440     .224446        .2879E+20    94.417     50     39     46    281     62    119
    81    380     .291862        .3030E+20    27.152     52     40    167    152     81     50
    82    400     .285105        .2816E+20    43.740     35     32    154    147     76     59
    83    410     .287316        .2837E+20    61.894    138     72     65     15     30    143
    84    415     .292419        .3005E+20    76.828    130     67     67    357     30    132
    85    430     .289955        .3084E+20    95.037    126     63     71    344     32    122
    86    440     .275144        .3095E+20    78.689    122     57     75    329     34    112
    87    440     .252151        .3120E+20    55.753    309     40    105    110     51     77
    88    425     .233080        .3179E+20    55.839     85     46     71    291     46    108
    89    440     .225001        .3191E+20    73.567     67     42     63    282     53    112
    90    440     .225556        .3176E+20    94.437     50     41     45    282     61    121
 
 Selected source position for subevent #          2
 isour,ishift         14         365
 
 SINGULAR values, incl. vardat (min., max, max/min)
    3.604144E-13    7.516916E-13        2.085631
 
 Inversion result:
 coefficients of elem.seismograms a(1),a(2),...a(6):
 -.781991E+19  .897654E+19 -.446557E+19 -.103638E+20 -.927517E+19  .000000E+00
 and their sigma_a(1), sigma_a(2),... sigma_a(6):
  .144298E+13  .235460E+13  .270264E+13  .216749E+13  .188987E+13  .000000E+00
 
 moment (Nm):   2.124228E+19
   moment magnitude:   6.9
             VOL % :    .0
              DC % :  54.1
            CLVD % : -45.9
 strike,dip,rake:        247          54         -65
 strike,dip,rake:         29          42        -120
 P-axis azimuth and plunge:        213          69
 T-axis azimuth and plunge:        320           6
 B-axis azimuth and plunge:         52          19
 
 After subtraction of subevent #          2
 weighted variance reduction (used components only):
 varred=   5.047812E-01
 =======================================
 
