     179.870377     -37.254292     102.000000       0.467700       0.000000       0.741500      -0.741500       0.000000      -0.000000       2.218000   26
     179.851135     -37.296638     102.000000       0.839500       0.000000       1.249000      -1.249000       0.000000      -0.000000       4.007500   26
     179.831894     -37.338982     102.000000       1.128300       0.000000       1.795500      -1.795500       0.000000      -0.000000       5.348000   26
     179.812607     -37.381321     102.000000       1.331000       0.000000       1.956500      -1.956500       0.000000      -0.000000       6.361000   26
     179.793320     -37.423660     102.000000       1.432800       0.000000       1.645000      -1.645000       0.000000      -0.000000       6.973000   26
     179.774002     -37.466000     102.000000       1.462200       0.000000       1.099000      -1.099000       0.000000      -0.000000       7.228000   26
     179.754654     -37.508331     102.000000       1.429300       0.000000       0.652000      -0.652000       0.000000      -0.000000       7.116500   26
     179.735306     -37.550659     102.000000       1.329500       0.000000       0.428500      -0.428500       0.000000      -0.000000       6.633500   26
     179.715912     -37.592991     102.000000       1.170700       0.000000       0.045500      -0.045500       0.000000      -0.000000       5.853500   26
     179.696503     -37.635311     102.000000       0.976900       0.000000      -0.141500       0.141500       0.000000      -0.000000       4.882500   26
     179.677078     -37.677631     102.000000       0.774900       0.000000      -0.043500       0.043500       0.000000      -0.000000       3.874000   26
     179.657623     -37.719940     102.000000       0.585200       0.000000       0.285000      -0.285000       0.000000      -0.000000       2.912000   26
     179.638153     -37.762249     102.000000       0.411800       0.000000       0.570500      -0.570500       0.000000      -0.000000       1.978500   26
     179.618668     -37.804562     102.000000       0.209000       0.000000       0.290500      -0.290500       0.000000      -0.000000       1.004000   26
     179.870377     -37.254292      92.000000       0.762000       0.000000       0.086000      -0.086000       0.000000      -0.000000       3.809000   26
     179.851135     -37.296638      92.000000       1.394600       0.000000       0.237000      -0.237000       0.000000      -0.000000       6.969000   26
     179.831894     -37.338982      92.000000       1.902800       0.000000       0.234000      -0.234000       0.000000      -0.000000       9.511500   26
     179.812607     -37.381321      92.000000       2.231100       0.000000      -0.001150       0.001150       0.000000      -0.000000       1.115550   26
     179.793320     -37.423660      92.000000       2.422300       0.000000      -0.035650       0.035650       0.000000      -0.000000       1.210650   26
     179.774002     -37.466000      92.000000       2.488900       0.000000      -0.057300       0.057300       0.000000      -0.000000       1.243150   26
     179.754654     -37.508331      92.000000       2.438700       0.000000      -0.057750       0.057750       0.000000      -0.000000       1.218000   26
     179.735306     -37.550659      92.000000       2.283800       0.000000      -0.024800       0.024800       0.000000      -0.000000       1.141600   26
     179.715912     -37.592991      92.000000       2.052500       0.000000       0.042950      -0.042950       0.000000      -0.000000       1.025350   26
     179.696503     -37.635311      92.000000       1.768700       0.000000       0.888000      -0.888000       0.000000      -0.000000       8.799000   26
     179.677078     -37.677631      92.000000       1.465200       0.000000       1.262000      -1.262000       0.000000      -0.000000       7.216500   26
     179.657623     -37.719940      92.000000       1.172500       0.000000       1.887000      -1.887000       0.000000      -0.000000       5.550499   26
     179.638153     -37.762249      92.000000       0.848600       0.000000       1.930500      -1.930500       0.000000      -0.000000       3.778500   26
     179.618668     -37.804562      92.000000       0.480600       0.000000       1.497500      -1.497500       0.000000      -0.000000       1.879500   26
     179.870377     -37.254292      82.000000       0.917300       0.000000      -0.555500       0.555500       0.000000      -0.000000       4.553000   26
     179.851135     -37.296638      82.000000       1.666300       0.000000      -0.747500       0.747500       0.000000      -0.000000       8.298000   26
     179.831894     -37.338982      82.000000       2.201100       0.000000      -0.092100       0.092100       0.000000      -0.000000       1.096650   26
     179.812607     -37.381321      82.000000       2.482000       0.000000      -0.062300       0.062300       0.000000      -0.000000       1.239450   26
     179.793320     -37.423660      82.000000       2.644900       0.000000      -0.024150       0.024150       0.000000      -0.000000       1.322250   26
     179.774002     -37.466000      82.000000       2.694800       0.000000       0.007050      -0.007050       0.000000      -0.000000       1.347350   26
     179.754654     -37.508331      82.000000       2.630100       0.000000       0.044250      -0.044250       0.000000      -0.000000       1.314300   26
     179.735306     -37.550659      82.000000       2.428900       0.000000       0.073100      -0.073100       0.000000      -0.000000       1.212250   26
     179.715912     -37.592991      82.000000       2.151100       0.000000       0.138950      -0.138950       0.000000      -0.000000       1.066500   26
     179.696503     -37.635311      82.000000       1.799000       0.000000       2.220500      -2.220500       0.000000      -0.000000       8.717000   26
     179.677078     -37.677631      82.000000       1.425600       0.000000       2.662500      -2.662500       0.000000      -0.000000       6.612500   26
     179.657623     -37.719940      82.000000       1.084800       0.000000       2.932500      -2.932500       0.000000      -0.000000       4.563000   26
     179.638153     -37.762249      82.000000       0.742500       0.000000       2.497000      -2.497000       0.000000      -0.000000       2.747000   26
     179.618668     -37.804562      82.000000       0.393200       0.000000       1.511000      -1.511000       0.000000      -0.000000       1.258000   26
     179.870377     -37.254292      72.000000       0.714700       0.000000      -1.851500       1.851500       0.000000      -0.000000       3.056500   26
     179.851135     -37.296638      72.000000       1.288000       0.000000      -3.069500       3.069500       0.000000      -0.000000       5.661500   26
     179.831894     -37.338982      72.000000       1.617400       0.000000      -2.590500       2.590500       0.000000      -0.000000       7.660499   26
     179.812607     -37.381321      72.000000       1.888200       0.000000      -1.759000       1.759000       0.000000      -0.000000       9.275501   26
     179.793320     -37.423660      72.000000       2.040500       0.000000      -0.095700       0.095700       0.000000      -0.000000       1.015750   26
     179.774002     -37.466000      72.000000       2.053300       0.000000      -0.010750       0.010750       0.000000      -0.000000       1.026600   26
     179.754654     -37.508331      72.000000       1.959000       0.000000       0.901000      -0.901000       0.000000      -0.000000       9.753500   26
     179.735306     -37.550659      72.000000       1.772800       0.000000       2.097500      -2.097500       0.000000      -0.000000       8.612000   26
     179.715912     -37.592991      72.000000       1.522600       0.000000       3.163000      -3.163000       0.000000      -0.000000       6.924500   26
     179.696503     -37.635311      72.000000       1.204500       0.000000       3.370500      -3.370500       0.000000      -0.000000       4.991000   26
     179.677078     -37.677631      72.000000       0.905300       0.000000       3.396000      -3.396000       0.000000      -0.000000       2.992500   26
     179.657623     -37.719940      72.000000       0.641600       0.000000       2.994000      -2.994000       0.000000      -0.000000       1.151500   26
     179.638153     -37.762249      72.000000       0.468300       0.000000       2.339500      -2.339500       0.000000      -0.000000       0.094000   26
     179.618668     -37.804562      72.000000       0.282900       0.000000       1.404500      -1.404500       0.000000      -0.000000      -0.165500   26
     179.870377     -37.254292      62.000000       0.874000       0.000000      -4.365000       4.365000       0.000000      -0.000000      -0.209000   26
     179.851135     -37.296638      62.000000       1.267000       0.000000      -6.334500       6.334500       0.000000      -0.000000      -0.071500   26
     179.831894     -37.338982      62.000000       1.226700       0.000000      -6.115000       6.115000       0.000000      -0.000000       0.475500   26
     179.812607     -37.381321      62.000000       1.169300       0.000000      -5.605000       5.605000       0.000000      -0.000000       1.662000   26
     179.793320     -37.423660      62.000000       0.926500       0.000000      -3.835500       3.835500       0.000000      -0.000000       2.597500   26
     179.774002     -37.466000      62.000000       0.677600       0.000000      -2.163500       2.163500       0.000000      -0.000000       2.607000   26
     179.754654     -37.508331      62.000000       0.424700       0.000000      -0.701000       0.701000       0.000000      -0.000000       2.004500   26
     179.735306     -37.550659      62.000000       0.174300       0.000000       1.840000      -1.840000       0.000000      -0.000000       8.520000   26
     179.715912     -37.592991      62.000000       0.273700       0.000000       1.229500      -1.229500       0.000000      -0.000000      -0.601500   26
     179.696503     -37.635311      62.000000       0.509700       0.000000       1.677000      -1.677000       0.000000      -0.000000      -1.919000   26
     179.677078     -37.677631      62.000000       0.618400       0.000000       1.483500      -1.483500       0.000000      -0.000000      -2.712500   26
     179.657623     -37.719940      62.000000       0.652700       0.000000       1.026000      -1.026000       0.000000      -0.000000      -3.098000   26
     179.638153     -37.762249      62.000000       0.537000       0.000000       0.545000      -0.545000       0.000000      -0.000000      -2.629000   26
     179.618668     -37.804562      62.000000       0.301700       0.000000       0.485000      -0.485000       0.000000      -0.000000      -1.428500   26
     179.870377     -37.254292      52.000000       0.696800       0.000000      -2.690500       2.690500       0.000000      -0.000000      -2.214000   26
     179.851135     -37.296638      52.000000       1.463100       0.000000      -5.545000       5.545000       0.000000      -0.000000      -4.771500   26
     179.831894     -37.338982      52.000000       2.061400       0.000000      -8.196500       8.196500       0.000000      -0.000000      -6.249000   26
     179.812607     -37.381321      52.000000       2.373600       0.000000      -9.570000       9.570000       0.000000      -0.000000      -7.018500   26
     179.793320     -37.423660      52.000000       2.457600       0.000000      -9.561000       9.561000       0.000000      -0.000000      -7.718500   26
     179.774002     -37.466000      52.000000       2.389100       0.000000      -8.491000       8.491000       0.000000      -0.000000      -8.402500   26
     179.754654     -37.508331      52.000000       2.277200       0.000000      -6.959500       6.959500       0.000000      -0.000000      -9.012000   26
     179.735306     -37.550659      52.000000       2.173300       0.000000      -5.305000       5.305000       0.000000      -0.000000      -9.483000   26
     179.715912     -37.592991      52.000000       2.097400       0.000000      -3.709000       3.709000       0.000000      -0.000000      -9.809000   26
     179.696503     -37.635311      52.000000       1.957800       0.000000      -2.096000       2.096000       0.000000      -0.000000      -9.562000   26
     179.677078     -37.677631      52.000000       1.689600       0.000000      -0.966500       0.966500       0.000000      -0.000000      -8.392500   26
     179.657623     -37.719940      52.000000       1.322500       0.000000      -0.438500       0.438500       0.000000      -0.000000      -6.598001   26
     179.638153     -37.762249      52.000000       0.946500       0.000000      -0.394500       0.394500       0.000000      -0.000000      -4.716000   26
     179.618668     -37.804562      52.000000       0.500600       0.000000      -0.002000       0.002000       0.000000      -0.000000      -2.503000   26
     179.870377     -37.254292      42.000000       0.798600       0.000000      -2.208000       2.208000       0.000000      -0.000000      -3.327000   26
     179.851135     -37.296638      42.000000       1.537800       0.000000      -4.007500       4.007500       0.000000      -0.000000      -6.562000   26
     179.831894     -37.338982      42.000000       2.113100       0.000000      -4.900000       4.900000       0.000000      -0.000000      -9.360500   26
     179.812607     -37.381321      42.000000       2.554400       0.000000      -0.522450       0.522450       0.000000      -0.000000      -1.165500   26
     179.793320     -37.423660      42.000000       2.856500       0.000000      -0.497650       0.497650       0.000000      -0.000000      -1.338750   26
     179.774002     -37.466000      42.000000       3.074400       0.000000      -0.458800       0.458800       0.000000      -0.000000      -1.467100   26
     179.754654     -37.508331      42.000000       3.203400       0.000000      -0.414500       0.414500       0.000000      -0.000000      -1.547100   26
     179.735306     -37.550659      42.000000       3.214000       0.000000      -0.361250       0.361250       0.000000      -0.000000      -1.565900   26
     179.715912     -37.592991      42.000000       3.068200       0.000000      -0.297050       0.297050       0.000000      -0.000000      -1.505050   26
     179.696503     -37.635311      42.000000       2.758900       0.000000      -0.226600       0.226600       0.000000      -0.000000      -1.360700   26
     179.677078     -37.677631      42.000000       2.303300       0.000000      -0.159750       0.159750       0.000000      -0.000000      -1.140500   26
     179.657623     -37.719940      42.000000       1.757400       0.000000      -1.227000       1.227000       0.000000      -0.000000      -8.701000   26
     179.638153     -37.762249      42.000000       1.159800       0.000000      -0.552500       0.552500       0.000000      -0.000000      -5.772500   26
     179.618668     -37.804562      42.000000       0.568400       0.000000      -0.172500       0.172500       0.000000      -0.000000      -2.836500   26
     179.870377     -37.254292      32.000000       0.712700       0.000000      -0.754500       0.754500       0.000000      -0.000000      -3.483000   26
     179.851135     -37.296638      32.000000       1.360400       0.000000      -1.622500       1.622500       0.000000      -0.000000      -6.605500   26
     179.831894     -37.338982      32.000000       1.915100       0.000000      -1.877000       1.877000       0.000000      -0.000000      -9.389500   26
     179.812607     -37.381321      32.000000       2.395900       0.000000      -0.197500       0.197500       0.000000      -0.000000      -1.181550   26
     179.793320     -37.423660      32.000000       2.792900       0.000000      -0.199000       0.199000       0.000000      -0.000000      -1.382200   26
     179.774002     -37.466000      32.000000       3.084100       0.000000      -0.199350       0.199350       0.000000      -0.000000      -1.529100   26
     179.754654     -37.508331      32.000000       3.241300       0.000000      -0.195750       0.195750       0.000000      -0.000000      -1.608800   26
     179.735306     -37.550659      32.000000       3.243900       0.000000      -0.190800       0.190800       0.000000      -0.000000      -1.610700   26
     179.715912     -37.592991      32.000000       3.092500       0.000000      -0.197950       0.197950       0.000000      -0.000000      -1.533500   26
     179.696503     -37.635311      32.000000       2.796000       0.000000      -0.213850       0.213850       0.000000      -0.000000      -1.381550   26
     179.677078     -37.677631      32.000000       2.397800       0.000000      -0.203700       0.203700       0.000000      -0.000000      -1.181500   26
     179.657623     -37.719940      32.000000       1.910700       0.000000      -1.628500       1.628500       0.000000      -0.000000      -9.413499   26
     179.638153     -37.762249      32.000000       1.331200       0.000000      -1.026500       1.026500       0.000000      -0.000000      -6.576500   26
     179.618668     -37.804562      32.000000       0.684500       0.000000      -0.554000       0.554000       0.000000      -0.000000      -3.377500   26
     179.870377     -37.254292      22.000000       0.476100       0.000000      -0.172000       0.172000       0.000000      -0.000000      -2.374500   26
     179.851135     -37.296638      22.000000       0.932400       0.000000      -0.611000       0.611000       0.000000      -0.000000      -4.621500   26
     179.831894     -37.338982      22.000000       1.318100       0.000000      -0.693000       0.693000       0.000000      -0.000000      -6.553500   26
     179.812607     -37.381321      22.000000       1.650900       0.000000      -0.591500       0.591500       0.000000      -0.000000      -8.233000   26
     179.793320     -37.423660      22.000000       1.928700       0.000000      -0.423000       0.423000       0.000000      -0.000000      -9.634500   26
     179.774002     -37.466000      22.000000       2.144500       0.000000      -0.018900       0.018900       0.000000      -0.000000      -1.072100   26
     179.754654     -37.508331      22.000000       2.278400       0.000000      -0.004050       0.004050       0.000000      -0.000000      -1.139200   26
     179.735306     -37.550659      22.000000       2.311100       0.000000      -0.008250       0.008250       0.000000      -0.000000      -1.155500   26
     179.715912     -37.592991      22.000000       2.233300       0.000000      -0.027350       0.027350       0.000000      -0.000000      -1.116300   26
     179.696503     -37.635311      22.000000       2.042200       0.000000      -0.063050       0.063050       0.000000      -0.000000      -1.019150   26
     179.677078     -37.677631      22.000000       1.764000       0.000000      -0.995000       0.995000       0.000000      -0.000000      -8.763500   26
     179.657623     -37.719940      22.000000       1.415200       0.000000      -1.073000       1.073000       0.000000      -0.000000      -6.994500   26
     179.638153     -37.762249      22.000000       0.975900       0.000000      -0.880500       0.880500       0.000000      -0.000000      -4.799500   26
     179.618668     -37.804562      22.000000       0.479800       0.000000      -0.302000       0.302000       0.000000      -0.000000      -2.380000   26
     179.870377     -37.254292      12.000000       0.283200       0.000000       0.237500      -0.237500       0.000000      -0.000000      -1.396000   26
     179.851135     -37.296638      12.000000       0.561100       0.000000       0.646000      -0.646000       0.000000      -0.000000      -2.730000   26
     179.831894     -37.338982      12.000000       0.782200       0.000000       0.853500      -0.853500       0.000000      -0.000000      -3.816500   26
     179.812607     -37.381321      12.000000       0.941000       0.000000       0.802500      -0.802500       0.000000      -0.000000      -4.636000   26
     179.793320     -37.423660      12.000000       1.058300       0.000000       0.689000      -0.689000       0.000000      -0.000000      -5.246500   26
     179.774002     -37.466000      12.000000       1.132300       0.000000       0.513500      -0.513500       0.000000      -0.000000      -5.638000   26
     179.754654     -37.508331      12.000000       1.165700       0.000000       0.355500      -0.355500       0.000000      -0.000000      -5.818000   26
     179.735306     -37.550659      12.000000       1.154900       0.000000       0.128500      -0.128500       0.000000      -0.000000      -5.773000   26
     179.715912     -37.592991      12.000000       1.098700       0.000000      -0.036500       0.036500       0.000000      -0.000000      -5.493500   26
     179.696503     -37.635311      12.000000       1.003400       0.000000      -0.054500       0.054500       0.000000      -0.000000      -5.016499   26
     179.677078     -37.677631      12.000000       0.853800       0.000000      -0.018000       0.018000       0.000000      -0.000000      -4.269001   26
     179.657623     -37.719940      12.000000       0.669700       0.000000       0.017500      -0.017500       0.000000      -0.000000      -3.348500   26
     179.638153     -37.762249      12.000000       0.441500       0.000000       0.086000      -0.086000       0.000000      -0.000000      -2.206000   26
     179.618668     -37.804562      12.000000       0.208900       0.000000       0.042000      -0.042000       0.000000      -0.000000      -1.044000   26
