60.99	1.75
58.98	1.71
57.98	1.70
63.99	1.80
59.98	1.73
54.98	1.64
55.98	1.66
59.98	1.73
60.99	1.75
61.99	1.77
59.98	1.73
63.99	1.80
59.98	1.73
62.99	1.78
60.99	1.75
60.99	1.75
62.99	1.78
60.99	1.75
59.98	1.73
59.98	1.73
58.98	1.71
59.98	1.73
57.98	1.70
58.98	1.71
58.98	1.71
57.98	1.70
61.99	1.77
60.99	1.75
61.99	1.77
63.99	1.80
63.99	1.80
57.98	1.70
62.99	1.78
59.98	1.73
57.98	1.70
54.98	1.64
60.99	1.75
57.98	1.70
61.99	1.77
61.99	1.77
62.99	1.78
62.99	1.78
60.99	1.75
63.99	1.80
58.98	1.71
65.99	1.83
58.98	1.71
60.99	1.75
65.99	1.83
63.99	1.80
62.37	24.30
60.24	23.86
60.24	23.86
65.61	24.89
61.30	24.08
57.06	23.15
58.11	23.40
61.30	24.08
62.37	24.30
63.45	24.50
61.30	24.08
65.61	24.89
61.30	24.08
64.53	24.70
62.37	24.30
62.37	24.30
64.53	24.70
62.37	24.30
61.30	24.08
61.30	24.08
61.30	24.08
62.37	24.30
60.24	23.86
61.30	24.08
61.30	24.08
60.24	23.86
64.53	24.70
63.45	24.50
64.53	24.70
65.61	24.89
65.61	24.89
59.17	23.63
64.53	24.70
61.30	24.08
60.24	23.86
56.01	22.90
62.37	24.30
59.17	23.63
63.45	24.50
63.45	24.50
64.53	24.70
64.53	24.70
63.45	24.50
65.61	24.89
61.30	24.08
67.78	25.25
60.24	23.86
62.37	24.30
67.78	25.25
65.61	24.89
69.77	8.45
68.76	8.40
67.75	8.34
72.80	8.60
68.76	8.40
65.74	8.22
65.74	8.22
68.76	8.40
69.77	8.45
70.78	8.51
68.76	8.40
72.80	8.60
68.76	8.40
71.79	8.56
70.78	8.51
69.77	8.45
71.79	8.56
69.77	8.45
68.76	8.40
68.76	8.40
68.76	8.40
69.77	8.45
67.75	8.34
68.76	8.40
68.76	8.40
67.75	8.34
71.79	8.56
70.78	8.51
71.79	8.56
72.80	8.60
72.80	8.60
67.75	8.34
71.79	8.56
69.77	8.45
67.75	8.34
64.73	8.15
70.78	8.51
67.75	8.34
70.78	8.51
70.78	8.51
71.79	8.56
71.79	8.56
70.78	8.51
72.80	8.60
68.76	8.40
74.82	8.69
67.75	8.34
69.77	8.45
73.81	8.65
72.80	8.60
73.26	26.01
72.16	25.87
71.06	25.73
76.58	26.36
72.16	25.87
68.87	25.42
69.96	25.58
72.16	25.87
73.26	26.01
74.37	26.14
72.16	25.87
75.47	26.25
72.16	25.87
75.47	26.25
73.26	26.01
73.26	26.01
75.47	26.25
73.26	26.01
72.16	25.87
72.16	25.87
72.16	25.87
73.26	26.01
71.06	25.73
72.16	25.87
72.16	25.87
71.06	25.73
74.37	26.14
73.26	26.01
74.37	26.14
75.47	26.25
75.47	26.25
71.06	25.73
75.47	26.25
72.16	25.87
71.06	25.73
67.78	25.25
73.26	26.01
71.06	25.73
74.37	26.14
74.37	26.14
75.47	26.25
75.47	26.25
74.37	26.14
76.58	26.36
72.16	25.87
77.69	26.46
72.16	25.87
73.26	26.01
77.69	26.46
75.47	26.25
76.00	0.00
75.00	0.00
74.00	0.00
78.00	0.00
75.00	0.00
72.00	0.00
73.00	0.00
75.00	0.00
76.00	0.00
77.00	0.00
75.00	0.00
78.00	0.00
75.00	0.00
77.00	0.00
76.00	0.00
76.00	0.00
78.00	0.00
76.00	0.00
75.00	0.00
75.00	0.00
75.00	0.00
76.00	0.00
74.00	0.00
75.00	0.00
75.00	0.00
74.00	0.00
77.00	0.00
76.00	0.00
77.00	0.00
78.00	0.00
78.00	0.00
74.00	0.00
77.00	0.00
75.00	0.00
74.00	0.00
71.00	0.00
76.00	0.00
74.00	0.00
77.00	0.00
77.00	0.00
77.00	0.00
77.00	0.00
76.00	0.00
78.00	0.00
75.00	0.00
80.00	0.00
74.00	0.00
76.00	0.00
79.00	0.00
78.00	0.00
76.00	0.00
75.00	0.00
74.00	0.00
78.00	0.00
75.00	0.00
72.00	0.00
73.00	0.00
75.00	0.00
76.00	0.00
77.00	0.00
75.00	0.00
78.00	0.00
75.00	0.00
77.00	0.00
76.00	0.00
76.00	0.00
78.00	0.00
76.00	0.00
75.00	0.00
75.00	0.00
75.00	0.00
76.00	0.00
74.00	0.00
75.00	0.00
75.00	0.00
74.00	0.00
77.00	0.00
76.00	0.00
77.00	0.00
78.00	0.00
78.00	0.00
74.00	0.00
77.00	0.00
75.00	0.00
74.00	0.00
71.00	0.00
76.00	0.00
74.00	0.00
77.00	0.00
77.00	0.00
78.00	0.00
78.00	0.00
76.00	0.00
78.00	0.00
75.00	0.00
80.00	0.00
75.00	0.00
76.00	0.00
79.00	0.00
78.00	0.00
77.17	20.52
75.05	20.35
75.05	20.35
79.30	20.67
76.11	20.44
72.93	20.15
73.99	20.25
76.11	20.44
77.17	20.52
77.17	20.52
76.11	20.44
78.24	20.60
76.11	20.44
78.24	20.60
77.17	20.52
77.17	20.52
78.24	20.60
76.11	20.44
76.11	20.44
76.11	20.44
76.11	20.44
76.11	20.44
75.05	20.35
76.11	20.44
76.11	20.44
75.05	20.35
78.24	20.60
77.17	20.52
78.24	20.60
78.24	20.60
79.30	20.67
75.05	20.35
78.24	20.60
76.11	20.44
75.05	20.35
71.87	20.04
77.17	20.52
75.05	20.35
77.17	20.52
77.17	20.52
78.24	20.60
78.24	20.60
77.17	20.52
79.30	20.67
76.11	20.44
80.37	20.73
75.05	20.35
77.17	20.52
80.37	20.73
79.30	20.67
73.27	43.76
71.92	43.55
70.58	43.32
76.00	44.14
71.92	43.55
67.93	42.82
69.25	43.08
71.92	43.55
73.27	43.76
74.63	43.96
71.92	43.55
76.00	44.14
71.92	43.55
74.63	43.96
73.27	43.76
73.27	43.76
74.63	43.96
73.27	43.76
71.92	43.55
71.92	43.55
71.92	43.55
73.27	43.76
70.58	43.32
71.92	43.55
71.92	43.55
70.58	43.32
74.63	43.96
73.27	43.76
74.63	43.96
76.00	44.14
76.00	44.14
70.58	43.32
74.63	43.96
71.92	43.55
70.58	43.32
67.93	42.82
73.27	43.76
70.58	43.32
73.27	43.76
74.63	43.96
74.63	43.96
74.63	43.96
73.27	43.76
76.00	44.14
71.92	43.55
77.37	44.30
70.58	43.32
73.27	43.76
77.37	44.30
76.00	44.14
77.58	27.44
76.46	27.34
76.46	27.34
79.83	27.63
77.58	27.44
74.23	27.10
74.23	27.10
77.58	27.44
77.58	27.44
78.71	27.54
77.58	27.44
79.83	27.63
77.58	27.44
78.71	27.54
77.58	27.44
77.58	27.44
79.83	27.63
77.58	27.44
76.46	27.34
77.58	27.44
76.46	27.34
77.58	27.44
76.46	27.34
76.46	27.34
76.46	27.34
76.46	27.34
78.71	27.54
77.58	27.44
78.71	27.54
79.83	27.63
79.83	27.63
75.35	27.22
78.71	27.54
77.58	27.44
76.46	27.34
73.12	26.97
77.58	27.44
75.35	27.22
78.71	27.54
78.71	27.54
78.71	27.54
78.71	27.54
78.71	27.54
79.83	27.63
76.46	27.34
80.96	27.70
76.46	27.34
77.58	27.44
80.96	27.70
79.83	27.63
79.90	7.88
78.89	7.85
77.89	7.82
81.92	7.92
78.89	7.85
76.88	7.79
76.88	7.79
78.89	7.85
79.90	7.88
79.90	7.88
78.89	7.85
80.91	7.90
78.89	7.85
80.91	7.90
79.90	7.88
79.90	7.88
80.91	7.90
79.90	7.88
78.89	7.85
78.89	7.85
78.89	7.85
79.90	7.88
77.89	7.82
78.89	7.85
78.89	7.85
77.89	7.82
80.91	7.90
79.90	7.88
80.91	7.90
80.91	7.90
80.91	7.90
77.89	7.82
80.91	7.90
78.89	7.85
77.89	7.82
75.87	7.76
79.90	7.88
77.89	7.82
79.90	7.88
79.90	7.88
80.91	7.90
80.91	7.90
79.90	7.88
81.92	7.92
78.89	7.85
82.93	7.94
78.89	7.85
79.90	7.88
81.92	7.92
81.92	7.92
80.38	33.62
79.18	33.53
79.18	33.53
82.77	33.79
80.38	33.62
76.80	33.29
77.99	33.41
80.38	33.62
80.38	33.62
81.58	33.71
80.38	33.62
81.58	33.71
80.38	33.62
81.58	33.71
80.38	33.62
80.38	33.62
81.58	33.71
80.38	33.62
80.38	33.62
80.38	33.62
79.18	33.53
80.38	33.62
79.18	33.53
79.18	33.53
79.18	33.53
79.18	33.53
81.58	33.71
80.38	33.62
81.58	33.71
81.58	33.71
82.77	33.79
79.18	33.53
81.58	33.71
80.38	33.62
79.18	33.53
76.80	33.29
80.38	33.62
79.18	33.53
81.58	33.71
81.58	33.71
81.58	33.71
81.58	33.71
80.38	33.62
82.77	33.79
80.38	33.62
83.98	33.85
79.18	33.53
80.38	33.62
82.77	33.79
82.77	33.79
54.50	8.99
52.49	8.77
51.48	8.65
57.52	9.31
53.49	8.88
48.47	8.28
49.48	8.40
53.49	8.88
54.50	8.99
55.51	9.10
53.49	8.88
57.52	9.31
53.49	8.88
56.51	9.21
54.50	8.99
54.50	8.99
56.51	9.21
54.50	8.99
53.49	8.88
53.49	8.88
52.49	8.77
53.49	8.88
51.48	8.65
52.49	8.77
52.49	8.77
51.48	8.65
55.51	9.10
54.50	8.99
55.51	9.10
57.52	9.31
57.52	9.31
51.48	8.65
56.51	9.21
53.49	8.88
51.48	8.65
47.47	8.15
54.50	8.99
51.48	8.65
55.51	9.10
55.51	9.10
56.51	9.21
56.51	9.21
54.50	8.99
57.52	9.31
52.49	8.77
60.55	9.61
52.49	8.77
54.50	8.99
59.54	9.51
57.52	9.31
58.88	14.67
55.82	14.19
55.82	14.19
61.95	15.10
56.84	14.36
52.77	13.68
53.79	13.86
56.84	14.36
58.88	14.67
58.88	14.67
56.84	14.36
60.93	14.96
56.84	14.36
59.90	14.82
58.88	14.67
57.86	14.51
60.93	14.96
57.86	14.51
56.84	14.36
56.84	14.36
56.84	14.36
57.86	14.51
55.82	14.19
56.84	14.36
56.84	14.36
55.82	14.19
59.90	14.82
58.88	14.67
59.90	14.82
60.93	14.96
60.93	14.96
54.80	14.03
59.90	14.82
56.84	14.36
55.82	14.19
51.76	13.50
58.88	14.67
54.80	14.03
58.88	14.67
58.88	14.67
59.90	14.82
60.93	14.96
58.88	14.67
61.95	15.10
56.84	14.36
64.01	15.37
55.82	14.19
57.86	14.51
62.98	15.24
61.95	15.10
59.86	5.19
56.86	5.03
56.86	5.03
62.87	5.34
57.86	5.09
53.85	4.85
54.85	4.91
57.86	5.09
59.86	5.19
60.87	5.25
57.86	5.09
61.87	5.30
57.86	5.09
61.87	5.30
59.86	5.19
58.86	5.14
61.87	5.30
58.86	5.14
57.86	5.09
57.86	5.09
57.86	5.09
58.86	5.14
56.86	5.03
57.86	5.09
57.86	5.09
56.86	5.03
60.87	5.25
59.86	5.19
60.87	5.25
61.87	5.30
61.87	5.30
56.86	5.03
60.87	5.25
58.86	5.14
56.86	5.03
52.85	4.79
59.86	5.19
55.85	4.97
59.86	5.19
60.87	5.25
61.87	5.30
61.87	5.30
59.86	5.19
62.87	5.34
57.86	5.09
64.88	5.44
56.86	5.03
58.86	5.14
63.88	5.39
62.87	5.34
66.17	14.70
64.12	14.47
63.10	14.34
69.26	15.01
64.12	14.47
60.03	13.95
61.05	14.09
64.12	14.47
66.17	14.70
66.17	14.70
64.12	14.47
68.23	14.91
64.12	14.47
67.20	14.81
66.17	14.70
65.15	14.58
68.23	14.91
65.15	14.58
64.12	14.47
64.12	14.47
64.12	14.47
65.15	14.58
63.10	14.34
64.12	14.47
64.12	14.47
63.10	14.34
67.20	14.81
66.17	14.70
67.20	14.81
68.23	14.91
68.23	14.91
63.10	14.34
67.20	14.81
65.15	14.58
63.10	14.34
60.03	13.95
66.17	14.70
62.07	14.22
66.17	14.70
66.17	14.70
67.20	14.81
67.20	14.81
66.17	14.70
69.26	15.01
64.12	14.47
71.32	15.20
63.10	14.34
65.15	14.58
70.29	15.11
68.23	14.91
62.19	36.58
59.83	35.96
59.83	35.96
65.80	37.43
61.01	36.28
56.37	34.94
57.52	35.29
61.01	36.28
62.19	36.58
63.38	36.88
61.01	36.28
64.59	37.16
61.01	36.28
64.59	37.16
62.19	36.58
62.19	36.58
64.59	37.16
62.19	36.58
61.01	36.28
61.01	36.28
61.01	36.28
62.19	36.58
59.83	35.96
61.01	36.28
59.83	35.96
59.83	35.96
63.38	36.88
62.19	36.58
63.38	36.88
64.59	37.16
65.80	37.43
58.67	35.63
64.59	37.16
61.01	36.28
59.83	35.96
55.24	34.58
62.19	36.58
58.67	35.63
63.38	36.88
63.38	36.88
64.59	37.16
64.59	37.16
63.38	36.88
65.80	37.43
61.01	36.28
68.24	37.93
59.83	35.96
62.19	36.58
67.02	37.69
65.80	37.43
68.90	40.03
66.38	39.52
65.14	39.25
71.45	40.49
66.38	39.52
62.68	38.66
63.91	38.96
66.38	39.52
68.90	40.03
68.90	40.03
66.38	39.52
70.17	40.27
67.64	39.78
70.17	40.27
68.90	40.03
67.64	39.78
70.17	40.27
67.64	39.78
66.38	39.52
67.64	39.78
66.38	39.52
67.64	39.78
65.14	39.25
66.38	39.52
66.38	39.52
66.38	39.52
70.17	40.27
68.90	40.03
70.17	40.27
71.45	40.49
71.45	40.49
65.14	39.25
70.17	40.27
67.64	39.78
65.14	39.25
61.47	38.35
68.90	40.03
65.14	39.25
68.90	40.03
68.90	40.03
70.17	40.27
70.17	40.27
68.90	40.03
71.45	40.49
66.38	39.52
74.04	40.88
66.38	39.52
67.64	39.78
72.74	40.69
71.45	40.49
68.27	41.89
65.69	41.35
65.69	41.35
70.88	42.38
66.97	41.63
61.91	40.43
63.16	40.75
66.97	41.63
68.27	41.89
68.27	41.89
66.97	41.63
70.88	42.38
66.97	41.63
69.57	42.14
68.27	41.89
68.27	41.89
70.88	42.38
66.97	41.63
66.97	41.63
66.97	41.63
65.69	41.35
66.97	41.63
65.69	41.35
66.97	41.63
65.69	41.35
65.69	41.35
69.57	42.14
68.27	41.89
69.57	42.14
70.88	42.38
70.88	42.38
64.42	41.06
69.57	42.14
66.97	41.63
65.69	41.35
61.91	40.43
68.27	41.89
64.42	41.06
68.27	41.89
68.27	41.89
69.57	42.14
69.57	42.14
68.27	41.89
70.88	42.38
66.97	41.63
73.54	42.80
65.69	41.35
68.27	41.89
72.21	42.60
70.88	42.38
69.48	38.16
67.02	37.69
67.02	37.69
73.23	38.78
68.24	37.93
64.59	37.16
64.59	37.16
68.24	37.93
69.48	38.16
70.72	38.38
68.24	37.93
71.97	38.59
68.24	37.93
70.72	38.38
69.48	38.16
69.48	38.16
71.97	38.59
69.48	38.16
68.24	37.93
68.24	37.93
68.24	37.93
69.48	38.16
67.02	37.69
68.24	37.93
68.24	37.93
67.02	37.69
70.72	38.38
69.48	38.16
70.72	38.38
71.97	38.59
71.97	38.59
67.02	37.69
70.72	38.38
68.24	37.93
67.02	37.69
63.38	36.88
69.48	38.16
67.02	37.69
70.72	38.38
70.72	38.38
71.97	38.59
71.97	38.59
69.48	38.16
73.23	38.78
68.24	37.93
74.49	38.96
67.02	37.69
69.48	38.16
74.49	38.96
71.97	38.59
75.53	14.54
73.47	14.41
73.47	14.41
77.59	14.66
74.50	14.48
71.41	14.25
71.41	14.25
74.50	14.48
75.53	14.54
76.56	14.61
74.50	14.48
77.59	14.66
74.50	14.48
76.56	14.61
75.53	14.54
75.53	14.54
77.59	14.66
75.53	14.54
74.50	14.48
74.50	14.48
74.50	14.48
74.50	14.48
73.47	14.41
74.50	14.48
74.50	14.48
73.47	14.41
76.56	14.61
75.53	14.54
76.56	14.61
77.59	14.66
77.59	14.66
73.47	14.41
76.56	14.61
74.50	14.48
73.47	14.41
70.38	14.17
75.53	14.54
73.47	14.41
75.53	14.54
76.56	14.61
76.56	14.61
76.56	14.61
75.53	14.54
77.59	14.66
74.50	14.48
79.65	14.77
73.47	14.41
75.53	14.54
78.62	14.72
77.59	14.66
77.74	11.73
75.70	11.64
75.70	11.64
79.78	11.82
76.72	11.69
73.66	11.53
74.68	11.59
76.72	11.69
77.74	11.73
77.74	11.73
76.72	11.69
78.76	11.78
76.72	11.69
78.76	11.78
77.74	11.73
77.74	11.73
78.76	11.78
77.74	11.73
76.72	11.69
76.72	11.69
76.72	11.69
76.72	11.69
75.70	11.64
76.72	11.69
76.72	11.69
75.70	11.64
78.76	11.78
77.74	11.73
78.76	11.78
78.76	11.78
79.78	11.82
75.70	11.64
78.76	11.78
76.72	11.69
75.70	11.64
72.64	11.47
77.74	11.73
75.70	11.64
77.74	11.73
77.74	11.73
78.76	11.78
78.76	11.78
77.74	11.73
79.78	11.82
76.72	11.69
80.80	11.85
75.70	11.64
77.74	11.73
80.80	11.85
79.78	11.82
75.34	41.06
74.04	40.88
72.74	40.69
77.97	41.37
74.04	40.88
70.17	40.27
71.45	40.49
74.04	40.88
75.34	41.06
76.65	41.22
74.04	40.88
77.97	41.37
74.04	40.88
76.65	41.22
75.34	41.06
75.34	41.06
76.65	41.22
75.34	41.06
74.04	40.88
74.04	40.88
74.04	40.88
75.34	41.06
72.74	40.69
74.04	40.88
74.04	40.88
72.74	40.69
76.65	41.22
75.34	41.06
76.65	41.22
77.97	41.37
77.97	41.37
72.74	40.69
76.65	41.22
74.04	40.88
72.74	40.69
70.17	40.27
75.34	41.06
72.74	40.69
75.34	41.06
76.65	41.22
76.65	41.22
76.65	41.22
75.34	41.06
77.97	41.37
74.04	40.88
79.29	41.50
74.04	40.88
75.34	41.06
79.29	41.50
77.97	41.37
78.89	7.85
77.89	7.82
77.89	7.82
80.91	7.90
78.89	7.85
75.87	7.76
75.87	7.76
78.89	7.85
78.89	7.85
79.90	7.88
78.89	7.85
80.91	7.90
78.89	7.85
79.90	7.88
79.90	7.88
78.89	7.85
80.91	7.90
78.89	7.85
78.89	7.85
78.89	7.85
77.89	7.82
78.89	7.85
77.89	7.82
77.89	7.82
77.89	7.82
77.89	7.82
79.90	7.88
79.90	7.88
79.90	7.88
80.91	7.90
80.91	7.90
76.88	7.79
79.90	7.88
78.89	7.85
77.89	7.82
74.86	7.73
78.89	7.85
76.88	7.79
79.90	7.88
79.90	7.88
79.90	7.88
80.91	7.90
79.90	7.88
80.91	7.90
77.89	7.82
81.92	7.92
77.89	7.82
78.89	7.85
81.92	7.92
80.91	7.90
78.67	13.74
77.64	13.69
77.64	13.69
80.73	13.82
78.67	13.74
75.59	13.58
76.62	13.63
78.67	13.74
78.67	13.74
79.70	13.78
78.67	13.74
80.73	13.82
78.67	13.74
80.73	13.82
79.70	13.78
78.67	13.74
80.73	13.82
78.67	13.74
78.67	13.74
78.67	13.74
77.64	13.69
78.67	13.74
77.64	13.69
78.67	13.74
77.64	13.69
77.64	13.69
79.70	13.78
79.70	13.78
79.70	13.78
80.73	13.82
80.73	13.82
77.64	13.69
79.70	13.78
78.67	13.74
77.64	13.69
74.56	13.51
78.67	13.74
76.62	13.63
79.70	13.78
79.70	13.78
80.73	13.82
80.73	13.82
79.70	13.78
80.73	13.82
78.67	13.74
82.79	13.89
77.64	13.69
78.67	13.74
81.76	13.86
80.73	13.82
79.42	31.56
77.09	31.34
77.09	31.34
80.59	31.65
78.25	31.46
74.77	31.09
75.93	31.22
78.25	31.46
79.42	31.56
79.42	31.56
78.25	31.46
80.59	31.65
78.25	31.46
80.59	31.65
79.42	31.56
78.25	31.46
80.59	31.65
78.25	31.46
78.25	31.46
78.25	31.46
78.25	31.46
78.25	31.46
77.09	31.34
78.25	31.46
77.09	31.34
77.09	31.34
79.42	31.56
79.42	31.56
79.42	31.56
80.59	31.65
80.59	31.65
77.09	31.34
79.42	31.56
78.25	31.46
77.09	31.34
74.77	31.09
79.42	31.56
77.09	31.34
79.42	31.56
79.42	31.56
80.59	31.65
80.59	31.65
79.42	31.56
80.59	31.65
78.25	31.46
81.76	31.73
77.09	31.34
78.25	31.46
81.76	31.73
80.59	31.65
80.77	12.84
79.74	12.80
79.74	12.80
82.82	12.90
80.77	12.84
77.69	12.71
78.72	12.76
80.77	12.84
80.77	12.84
81.79	12.87
80.77	12.84
82.82	12.90
80.77	12.84
81.79	12.87
80.77	12.84
80.77	12.84
81.79	12.87
80.77	12.84
80.77	12.84
80.77	12.84
79.74	12.80
80.77	12.84
79.74	12.80
79.74	12.80
79.74	12.80
79.74	12.80
81.79	12.87
80.77	12.84
81.79	12.87
82.82	12.90
82.82	12.90
79.74	12.80
81.79	12.87
80.77	12.84
79.74	12.80
77.69	12.71
80.77	12.84
79.74	12.80
81.79	12.87
81.79	12.87
81.79	12.87
81.79	12.87
81.79	12.87
82.82	12.90
80.77	12.84
83.84	12.93
79.74	12.80
80.77	12.84
83.84	12.93
82.82	12.90
80.43	19.74
79.37	19.68
79.37	19.68
82.56	19.84
80.43	19.74
77.25	19.54
78.31	19.62
80.43	19.74
80.43	19.74
81.49	19.80
80.43	19.74
82.56	19.84
80.43	19.74
81.49	19.80
80.43	19.74
80.43	19.74
82.56	19.84
80.43	19.74
80.43	19.74
80.43	19.74
79.37	19.68
80.43	19.74
79.37	19.68
80.43	19.74
79.37	19.68
79.37	19.68
81.49	19.80
80.43	19.74
81.49	19.80
82.56	19.84
82.56	19.84
79.37	19.68
81.49	19.80
80.43	19.74
79.37	19.68
77.25	19.54
80.43	19.74
79.37	19.68
81.49	19.80
81.49	19.80
81.49	19.80
81.49	19.80
81.49	19.80
82.56	19.84
80.43	19.74
83.62	19.89
79.37	19.68
80.43	19.74
83.62	19.89
82.56	19.84
80.98	3.95
79.98	3.94
79.98	3.94
82.98	3.97
80.98	3.95
77.97	3.91
78.97	3.93
80.98	3.95
80.98	3.95
81.98	3.96
80.98	3.95
82.98	3.97
80.98	3.95
81.98	3.96
80.98	3.95
80.98	3.95
82.98	3.97
80.98	3.95
80.98	3.95
80.98	3.95
80.98	3.95
80.98	3.95
79.98	3.94
80.98	3.95
79.98	3.94
79.98	3.94
81.98	3.96
80.98	3.95
81.98	3.96
82.98	3.97
82.98	3.97
79.98	3.94
81.98	3.96
80.98	3.95
79.98	3.94
77.97	3.91
80.98	3.95
79.98	3.94
81.98	3.96
81.98	3.96
81.98	3.96
81.98	3.96
81.98	3.96
82.98	3.97
80.98	3.95
83.99	3.98
79.98	3.94
80.98	3.95
83.99	3.98
82.98	3.97
82.98	3.97
81.98	3.96
81.98	3.96
84.99	3.98
82.98	3.97
80.98	3.95
80.98	3.95
82.98	3.97
82.98	3.97
83.99	3.98
82.98	3.97
83.99	3.98
82.98	3.97
83.99	3.98
82.98	3.97
82.98	3.97
83.99	3.98
82.98	3.97
82.98	3.97
82.98	3.97
81.98	3.96
82.98	3.97
81.98	3.96
82.98	3.97
81.98	3.96
81.98	3.96
83.99	3.98
82.98	3.97
83.99	3.98
83.99	3.98
83.99	3.98
81.98	3.96
83.99	3.98
82.98	3.97
81.98	3.96
79.98	3.94
82.98	3.97
81.98	3.96
83.99	3.98
83.99	3.98
83.99	3.98
83.99	3.98
82.98	3.97
84.99	3.98
82.98	3.97
84.99	3.98
81.98	3.96
82.98	3.97
84.99	3.98
83.99	3.98
79.19	49.49
77.67	49.34
77.67	49.34
82.25	49.74
79.19	49.49
76.16	49.17
76.16	49.17
79.19	49.49
79.19	49.49
80.71	49.63
79.19	49.49
80.71	49.63
79.19	49.49
80.71	49.63
79.19	49.49
79.19	49.49
80.71	49.63
79.19	49.49
79.19	49.49
79.19	49.49
79.19	49.49
79.19	49.49
77.67	49.34
79.19	49.49
79.19	49.49
77.67	49.34
80.71	49.63
79.19	49.49
80.71	49.63
80.71	49.63
82.25	49.74
77.67	49.34
80.71	49.63
79.19	49.49
77.67	49.34
74.66	48.97
79.19	49.49
77.67	49.34
80.71	49.63
80.71	49.63
80.71	49.63
80.71	49.63
80.71	49.63
82.25	49.74
79.19	49.49
83.79	49.83
77.67	49.34
79.19	49.49
82.25	49.74
82.25	49.74
82.35	23.81
81.25	23.75
81.25	23.75
84.53	23.90
82.35	23.81
80.16	23.69
80.16	23.69
82.35	23.81
82.35	23.81
83.44	23.86
82.35	23.81
83.44	23.86
82.35	23.81
83.44	23.86
82.35	23.81
82.35	23.81
83.44	23.86
82.35	23.81
82.35	23.81
82.35	23.81
82.35	23.81
82.35	23.81
81.25	23.75
82.35	23.81
82.35	23.81
81.25	23.75
83.44	23.86
82.35	23.81
83.44	23.86
83.44	23.86
84.53	23.90
81.25	23.75
83.44	23.86
82.35	23.81
81.25	23.75
79.08	23.61
82.35	23.81
81.25	23.75
83.44	23.86
83.44	23.86
83.44	23.86
83.44	23.86
83.44	23.86
84.53	23.90
82.35	23.81
85.62	23.94
81.25	23.75
82.35	23.81
84.53	23.90
84.53	23.90
82.79	13.89
81.76	13.86
81.76	13.86
84.85	13.95
82.79	13.89
80.73	13.82
80.73	13.82
82.79	13.89
82.79	13.89
83.82	13.92
82.79	13.89
83.82	13.92
82.79	13.89
83.82	13.92
82.79	13.89
82.79	13.89
83.82	13.92
82.79	13.89
82.79	13.89
82.79	13.89
82.79	13.89
82.79	13.89
81.76	13.86
82.79	13.89
82.79	13.89
81.76	13.86
83.82	13.92
82.79	13.89
83.82	13.92
83.82	13.92
84.85	13.95
81.76	13.86
83.82	13.92
82.79	13.89
81.76	13.86
79.70	13.78
82.79	13.89
81.76	13.86
83.82	13.92
83.82	13.92
83.82	13.92
83.82	13.92
83.82	13.92
84.85	13.95
82.79	13.89
85.88	13.97
81.76	13.86
82.79	13.89
84.85	13.95
84.85	13.95
81.40	45.68
79.98	45.56
78.56	45.43
82.82	45.77
79.98	45.56
77.16	45.27
78.56	45.43
79.98	45.56
81.40	45.68
81.40	45.68
79.98	45.56
82.82	45.77
79.98	45.56
81.40	45.68
81.40	45.68
81.40	45.68
82.82	45.77
79.98	45.56
79.98	45.56
79.98	45.56
79.98	45.56
79.98	45.56
78.56	45.43
79.98	45.56
79.98	45.56
79.98	45.56
81.40	45.68
81.40	45.68
81.40	45.68
82.82	45.77
82.82	45.77
78.56	45.43
81.40	45.68
79.98	45.56
78.56	45.43
77.16	45.27
81.40	45.68
78.56	45.43
81.40	45.68
81.40	45.68
81.40	45.68
81.40	45.68
81.40	45.68
82.82	45.77
79.98	45.56
84.25	45.86
79.98	45.56
79.98	45.56
82.82	45.77
82.82	45.77
83.21	27.83
82.08	27.77
82.08	27.77
84.34	27.88
82.08	27.77
79.83	27.63
80.96	27.70
82.08	27.77
83.21	27.83
83.21	27.83
82.08	27.77
84.34	27.88
82.08	27.77
84.34	27.88
83.21	27.83
83.21	27.83
84.34	27.88
83.21	27.83
82.08	27.77
82.08	27.77
82.08	27.77
83.21	27.83
82.08	27.77
82.08	27.77
82.08	27.77
82.08	27.77
83.21	27.83
83.21	27.83
83.21	27.83
84.34	27.88
84.34	27.88
80.96	27.70
84.34	27.88
82.08	27.77
82.08	27.77
79.83	27.63
83.21	27.83
80.96	27.70
83.21	27.83
83.21	27.83
84.34	27.88
84.34	27.88
83.21	27.83
84.34	27.88
82.08	27.77
85.47	27.93
82.08	27.77
83.21	27.83
85.47	27.93
84.34	27.88
82.07	40.73
80.76	40.63
80.76	40.63
83.39	40.81
80.76	40.63
78.15	40.39
79.45	40.52
80.76	40.63
82.07	40.73
82.07	40.73
80.76	40.63
83.39	40.81
80.76	40.63
83.39	40.81
82.07	40.73
82.07	40.73
83.39	40.81
82.07	40.73
80.76	40.63
80.76	40.63
80.76	40.63
82.07	40.73
80.76	40.63
80.76	40.63
80.76	40.63
80.76	40.63
82.07	40.73
82.07	40.73
82.07	40.73
83.39	40.81
83.39	40.81
80.76	40.63
83.39	40.81
80.76	40.63
80.76	40.63
78.15	40.39
82.07	40.73
79.45	40.52
82.07	40.73
82.07	40.73
83.39	40.81
83.39	40.81
82.07	40.73
83.39	40.81
80.76	40.63
84.71	40.88
80.76	40.63
82.07	40.73
84.71	40.88
83.39	40.81
83.21	27.83
82.08	27.77
82.08	27.77
84.34	27.88
82.08	27.77
79.83	27.63
80.96	27.70
82.08	27.77
83.21	27.83
83.21	27.83
82.08	27.77
84.34	27.88
82.08	27.77
84.34	27.88
83.21	27.83
83.21	27.83
84.34	27.88
83.21	27.83
82.08	27.77
82.08	27.77
82.08	27.77
83.21	27.83
82.08	27.77
82.08	27.77
82.08	27.77
82.08	27.77
83.21	27.83
83.21	27.83
83.21	27.83
84.34	27.88
84.34	27.88
82.08	27.77
84.34	27.88
82.08	27.77
82.08	27.77
79.83	27.63
83.21	27.83
80.96	27.70
83.21	27.83
83.21	27.83
84.34	27.88
84.34	27.88
83.21	27.83
84.34	27.88
82.08	27.77
85.47	27.93
82.08	27.77
83.21	27.83
85.47	27.93
84.34	27.88
83.27	26.84
82.15	26.78
82.15	26.78
84.39	26.89
82.15	26.78
79.92	26.64
81.04	26.72
82.15	26.78
83.27	26.84
83.27	26.84
82.15	26.78
84.39	26.89
82.15	26.78
84.39	26.89
83.27	26.84
83.27	26.84
84.39	26.89
83.27	26.84
82.15	26.78
82.15	26.78
82.15	26.78
83.27	26.84
82.15	26.78
82.15	26.78
82.15	26.78
82.15	26.78
83.27	26.84
83.27	26.84
83.27	26.84
84.39	26.89
84.39	26.89
82.15	26.78
84.39	26.89
82.15	26.78
82.15	26.78
79.92	26.64
83.27	26.84
81.04	26.72
83.27	26.84
83.27	26.84
84.39	26.89
84.39	26.89
83.27	26.84
84.39	26.89
82.15	26.78
85.51	26.93
82.15	26.78
83.27	26.84
85.51	26.93
84.39	26.89
83.96	-6.96
82.95	-6.95
82.95	-6.95
84.96	-6.97
82.95	-6.95
81.94	-6.93
81.94	-6.93
82.95	-6.95
83.96	-6.96
83.96	-6.96
82.95	-6.95
84.96	-6.97
82.95	-6.95
84.96	-6.97
83.96	-6.96
83.96	-6.96
84.96	-6.97
83.96	-6.96
82.95	-6.95
82.95	-6.95
82.95	-6.95
83.96	-6.96
82.95	-6.95
82.95	-6.95
82.95	-6.95
82.95	-6.95
84.96	-6.97
83.96	-6.96
84.96	-6.97
84.96	-6.97
84.96	-6.97
82.95	-6.95
84.96	-6.97
83.96	-6.96
82.95	-6.95
80.93	-6.91
83.96	-6.96
82.95	-6.95
83.96	-6.96
83.96	-6.96
84.96	-6.97
84.96	-6.97
83.96	-6.96
84.96	-6.97
82.95	-6.95
85.97	-6.98
82.95	-6.95
83.96	-6.96
85.97	-6.98
84.96	-6.97
83.58	-20.88
82.51	-20.84
82.51	-20.84
84.65	-20.92
82.51	-20.84
81.44	-20.79
81.44	-20.79
82.51	-20.84
83.58	-20.88
83.58	-20.88
82.51	-20.84
84.65	-20.92
82.51	-20.84
84.65	-20.92
83.58	-20.88
83.58	-20.88
84.65	-20.92
83.58	-20.88
82.51	-20.84
82.51	-20.84
82.51	-20.84
83.58	-20.88
82.51	-20.84
82.51	-20.84
82.51	-20.84
82.51	-20.84
83.58	-20.88
83.58	-20.88
83.58	-20.88
84.65	-20.92
84.65	-20.92
82.51	-20.84
84.65	-20.92
82.51	-20.84
82.51	-20.84
80.37	-20.73
83.58	-20.88
82.51	-20.84
83.58	-20.88
83.58	-20.88
84.65	-20.92
84.65	-20.92
83.58	-20.88
84.65	-20.92
82.51	-20.84
85.72	-20.95
82.51	-20.84
83.58	-20.88
85.72	-20.95
84.65	-20.92
83.21	27.83
82.08	27.77
82.08	27.77
84.34	27.88
83.21	27.83
80.96	27.70
80.96	27.70
83.21	27.83
83.21	27.83
84.34	27.88
83.21	27.83
84.34	27.88
83.21	27.83
84.34	27.88
83.21	27.83
83.21	27.83
84.34	27.88
83.21	27.83
83.21	27.83
83.21	27.83
82.08	27.77
83.21	27.83
82.08	27.77
83.21	27.83
82.08	27.77
82.08	27.77
84.34	27.88
83.21	27.83
84.34	27.88
84.34	27.88
84.34	27.88
82.08	27.77
84.34	27.88
83.21	27.83
82.08	27.77
79.83	27.63
83.21	27.83
82.08	27.77
83.21	27.83
84.34	27.88
84.34	27.88
84.34	27.88
83.21	27.83
84.34	27.88
83.21	27.83
85.47	27.93
82.08	27.77
83.21	27.83
85.47	27.93
84.34	27.88
83.15	28.83
82.01	28.76
82.01	28.76
84.29	28.88
83.15	28.83
80.87	28.69
80.87	28.69
83.15	28.83
83.15	28.83
84.29	28.88
83.15	28.83
84.29	28.88
83.15	28.83
84.29	28.88
83.15	28.83
83.15	28.83
84.29	28.88
83.15	28.83
83.15	28.83
83.15	28.83
83.15	28.83
83.15	28.83
82.01	28.76
83.15	28.83
82.01	28.76
82.01	28.76
84.29	28.88
83.15	28.83
84.29	28.88
84.29	28.88
84.29	28.88
82.01	28.76
84.29	28.88
83.15	28.83
82.01	28.76
80.87	28.69
83.15	28.83
82.01	28.76
83.15	28.83
84.29	28.88
84.29	28.88
84.29	28.88
83.15	28.83
84.29	28.88
83.15	28.83
85.43	28.92
82.01	28.76
83.15	28.83
85.43	28.92
84.29	28.88
83.15	28.83
82.01	28.76
82.01	28.76
84.29	28.88
83.15	28.83
80.87	28.69
80.87	28.69
83.15	28.83
83.15	28.83
84.29	28.88
83.15	28.83
84.29	28.88
83.15	28.83
84.29	28.88
83.15	28.83
83.15	28.83
84.29	28.88
83.15	28.83
83.15	28.83
83.15	28.83
83.15	28.83
83.15	28.83
82.01	28.76
83.15	28.83
82.01	28.76
82.01	28.76
84.29	28.88
83.15	28.83
84.29	28.88
84.29	28.88
84.29	28.88
82.01	28.76
84.29	28.88
83.15	28.83
82.01	28.76
80.87	28.69
83.15	28.83
82.01	28.76
84.29	28.88
84.29	28.88
84.29	28.88
84.29	28.88
83.15	28.83
84.29	28.88
83.15	28.83
85.43	28.92
82.01	28.76
83.15	28.83
85.43	28.92
84.29	28.88
83.15	28.83
82.01	28.76
82.01	28.76
84.29	28.88
83.15	28.83
80.87	28.69
80.87	28.69
83.15	28.83
83.15	28.83
84.29	28.88
83.15	28.83
84.29	28.88
83.15	28.83
84.29	28.88
83.15	28.83
83.15	28.83
84.29	28.88
83.15	28.83
83.15	28.83
83.15	28.83
83.15	28.83
83.15	28.83
82.01	28.76
83.15	28.83
83.15	28.83
82.01	28.76
84.29	28.88
83.15	28.83
84.29	28.88
84.29	28.88
84.29	28.88
82.01	28.76
84.29	28.88
83.15	28.83
82.01	28.76
80.87	28.69
83.15	28.83
82.01	28.76
84.29	28.88
84.29	28.88
84.29	28.88
84.29	28.88
83.15	28.83
84.29	28.88
83.15	28.83
85.43	28.92
82.01	28.76
83.15	28.83
85.43	28.92
84.29	28.88
83.53	21.87
82.46	21.83
82.46	21.83
85.69	21.94
83.53	21.87
81.38	21.77
81.38	21.77
83.53	21.87
83.53	21.87
84.61	21.91
83.53	21.87
84.61	21.91
83.53	21.87
84.61	21.91
83.53	21.87
83.53	21.87
84.61	21.91
83.53	21.87
83.53	21.87
83.53	21.87
83.53	21.87
83.53	21.87
82.46	21.83
83.53	21.87
83.53	21.87
82.46	21.83
84.61	21.91
83.53	21.87
84.61	21.91
84.61	21.91
84.61	21.91
82.46	21.83
84.61	21.91
83.53	21.87
82.46	21.83
81.38	21.77
83.53	21.87
82.46	21.83
84.61	21.91
84.61	21.91
84.61	21.91
84.61	21.91
83.53	21.87
85.69	21.94
83.53	21.87
85.69	21.94
82.46	21.83
83.53	21.87
85.69	21.94
84.61	21.91
84.82	14.94
83.79	14.92
83.79	14.92
85.86	14.96
83.79	14.92
82.76	14.89
82.76	14.89
83.79	14.92
84.82	14.94
84.82	14.94
83.79	14.92
85.86	14.96
83.79	14.92
84.82	14.94
84.82	14.94
84.82	14.94
85.86	14.96
84.82	14.94
83.79	14.92
83.79	14.92
83.79	14.92
83.79	14.92
83.79	14.92
83.79	14.92
83.79	14.92
83.79	14.92
84.82	14.94
84.82	14.94
84.82	14.94
85.86	14.96
85.86	14.96
83.79	14.92
84.82	14.94
83.79	14.92
83.79	14.92
81.72	14.85
84.82	14.94
82.76	14.89
84.82	14.94
84.82	14.94
84.82	14.94
84.82	14.94
84.82	14.94
85.86	14.96
83.79	14.92
86.89	14.98
83.79	14.92
84.82	14.94
85.86	14.96
85.86	14.96
84.92	-9.96
83.91	-9.94
83.91	-9.94
85.94	-9.98
83.91	-9.94
82.89	-9.92
82.89	-9.92
83.91	-9.94
84.92	-9.96
84.92	-9.96
83.91	-9.94
85.94	-9.98
83.91	-9.94
84.92	-9.96
84.92	-9.96
84.92	-9.96
85.94	-9.98
84.92	-9.96
83.91	-9.94
83.91	-9.94
83.91	-9.94
84.92	-9.96
83.91	-9.94
83.91	-9.94
83.91	-9.94
83.91	-9.94
84.92	-9.96
84.92	-9.96
84.92	-9.96
85.94	-9.98
85.94	-9.98
83.91	-9.94
84.92	-9.96
83.91	-9.94
83.91	-9.94
81.88	-9.90
84.92	-9.96
83.91	-9.94
84.92	-9.96
84.92	-9.96
84.92	-9.96
84.92	-9.96
84.92	-9.96
85.94	-9.98
83.91	-9.94
86.95	-9.99
83.91	-9.94
84.92	-9.96
85.94	-9.98
85.94	-9.98
