     1    300     .727540        .5723E+20    87.474    334     14   -163    228     86    -76
     2    300     .724737        .3701E+20    93.856    330     23   -160    221     82    -67
     3    290     .716139        .3168E+20    98.465    325     31   -163    221     81    -59
     4    280     .707421        .2757E+20    91.481    316     44   -177    224     88    -45
     5    270     .706375        .2909E+20    91.826     48     82     39    311     50    169
     6    260     .716293        .3384E+20    62.212     52     69     40    305     52    153
     7    260     .708274        .3673E+20    78.692     51     75     41    308     49    160
     8    260     .700047        .4306E+20    95.089    311     42    168     49     82     48
     9    250     .699984        .5034E+20    90.315     53     76     51    306     40    158
    10    230     .712328        .5788E+20    88.098     57     66     54    298     41    143
    11    220     .728926        .6563E+20    88.568     60     62     57    294     41    136
    12    220     .744340        .7238E+20    89.286     61     62     60    292     39    133
    13    210     .756039        .7643E+20    90.173     61     61     60    292     40    132
    14    210     .764844        .8071E+20    90.106     62     61     60    292     39    132
    15    210     .770607        .8449E+20    89.809     62     62     60    292     39    133
    16    200     .774625        .8695E+20    89.660     61     62     59    293     40    134
    17    200     .776733        .9046E+20    89.205     61     62     59    293     40    135
    18    190     .777951        .9291E+20    88.984     60     63     57    294     40    136
    19    190     .777764        .9645E+20    88.589     60     63     57    295     40    136
    20    180     .777169        .9905E+20    88.419     59     63     56    295     41    137
    21    180     .775362        .1027E+21    88.101     59     63     56    296     41    138
    22    170     .773332        .1054E+21    88.007     59     63     54    296     42    139
    23    170     .770353        .1091E+21    87.782     58     63     54    296     43    139
    24    160     .767159        .1119E+21    87.729     58     63     53    297     43    140
    25    160     .763107        .1156E+21    87.569     57     63     53    297     44    140
    26    150     .759030        .1184E+21    87.551     57     63     52    297     45    140
    27    150     .754408        .1222E+21    87.477     57     63     51    297     45    140
    28    140     .749478        .1250E+21    87.468     56     63     50    297     46    141
    29    140     .744287        .1289E+21    87.468     56     63     50    297     46    141
    30    130     .738688        .1316E+21    87.468     55     63     49    297     47    142
    31    130     .732942        .1355E+21    87.501     55     62     49    297     47    141
    32    130     .726840        .1393E+21    87.593     54     62     48    297     47    141
    33    120     .720871        .1420E+21    87.564     54     62     47    297     48    142
    34    120     .714354        .1457E+21    87.685     53     62     47    296     49    142
    35    110     .707875        .1481E+21    87.625     53     62     46    297     49    142
