 All trial positions and shifts for subevent#          1
 (isour = source position,ishift*dt=time shift)
 isour,ishift,corr,moment,DC%,str,dip,rak,str,dip,rak
     1    312     .585128        .3486E+20    83.779      6     24   -124    223     69    -75
     2    318     .565679        .3177E+20    74.498      7     33   -114    216     60    -74
     3    306     .517555        .2682E+20    99.443    357     35   -119    213     59    -70
     4    258     .482858        .1883E+20    44.997    321     75    169     54     79     14
     5    240     .488389        .2161E+20    93.174    317     74    158     53     69     16
     6    240     .507176        .2612E+20    63.127    315     70    157     52     68     20
     7    240     .515786        .3155E+20    79.415    314     69    157     52     69     21
     8    234     .523194        .3827E+20    90.015    312     67    156     52     68     24
     9    228     .538218        .4620E+20    95.389    308     61    151     53     65     32
    10    228     .559595        .5464E+20    93.855     54     64     39    304     54    147
    11    222     .580685        .6261E+20    90.580     55     63     43    301     51    144
    12    222     .599326        .7044E+20    87.615     55     62     46    299     49    143
    13    222     .614779        .7782E+20    85.616     55     62     48    298     47    142
    14    222     .626857        .8473E+20    84.192     56     62     50    297     46    141
    15    222     .635594        .9111E+20    83.186     56     62     51    296     46    140
    16    222     .641235        .9697E+20    82.515     55     62     51    295     45    139
    17    222     .644049        .1023E+21    82.124     55     62     52    294     45    139
    18    216     .644535        .1066E+21    82.646     55     62     51    295     46    140
    19    216     .642889        .1110E+21    82.593     55     62     51    294     46    139
    20    216     .639454        .1149E+21    82.686     54     62     51    294     46    139
    21    216     .634416        .1184E+21    82.898     54     61     51    294     46    139
    22    210     .628293        .1210E+21    83.704     54     62     50    294     47    140
    23    210     .621240        .1239E+21    83.997     54     62     50    294     47    140
    24    210     .613373        .1265E+21    84.323     54     61     50    294     47    140
    25    210     .604917        .1288E+21    84.676     54     61     49    294     47    139
 
 Selected source position for subevent #          1
 isour,ishift         18         216
 
 SINGULAR values, incl. vardat (min., max, max/min)
    1.507343E-13    3.638396E-13        2.413781
 
 Inversion result:
 coefficients of elem.seismograms a(1),a(2),...a(6):
  .140224E+20  .233149E+20  .459788E+20  .105113E+21 -.376678E+20  .000000E+00
 and their sigma_a(1), sigma_a(2),... sigma_a(6):
  .446419E+13  .544680E+13  .367287E+13  .602081E+13  .468077E+13  .000000E+00
 
 moment (Nm):   1.065953E+20
   moment magnitude:   7.3
             VOL % :    .0
              DC % :  82.6
            CLVD % : -17.4
 strike,dip,rake:         55          62          51
 strike,dip,rake:        295          46         140
 P-axis azimuth and plunge:        171           9
 T-axis azimuth and plunge:        275          54
 B-axis azimuth and plunge:         75          33
 
 After subtraction of subevent #          1
 weighted variance reduction (used components only):
 varred=   4.151259E-01
 =======================================
 
 All trial positions and shifts for subevent#          2
 (isour = source position,ishift*dt=time shift)
 isour,ishift,corr,moment,DC%,str,dip,rak,str,dip,rak
     1    324     .427857        .2360E+20    26.704    355     74   -123    242     36    -27
     2    330     .433080        .1928E+20    74.678     15     52   -125    244     49    -53
     3    330     .423322        .1982E+20    88.847     20     48   -117    238     48    -63
     4    336     .395520        .1813E+20    92.556     19     46   -117    236     49    -63
     5    336     .367431        .1716E+20    76.858     16     47   -121    238     50    -60
     6    336     .337627        .1622E+20    56.372     11     49   -128    241     53    -54
     7    336     .330401        .2039E+20    72.404     17     46   -119    236     51    -62
     8    330     .321198        .2558E+20    91.855     22     44   -114    234     50    -68
     9    330     .289062        .2501E+20    90.014     21     44   -116    236     51    -66
    10    330     .250801        .2201E+20    79.926     17     45   -122    240     53    -61
    11     60     .226634        .1917E+20    99.142      1     50     13    263     79    139
    12     60     .214977        .1880E+20    98.650      1     53     12    263     79    142
    13     60     .205651        .1853E+20    95.918      1     56     12    264     79    145
    14     60     .198429        .1840E+20    92.932      0     59     12    264     79    149
    15     60     .193098        .1841E+20    89.950      0     62     12    264     78    152
    16     60     .189387        .1855E+20    87.152    264     78    154    359     65     12
    17     60     .186953        .1881E+20    84.600    264     78    157    359     67     12
    18     60     .185580        .1920E+20    82.420    264     77    159    358     69     12
    19     60     .184955        .1967E+20    80.603    263     77    161    357     71     13
    20     60     .184860        .2023E+20    79.210    263     77    162    357     72     13
    21     60     .185112        .2086E+20    78.296    262     77    163    356     73     13
    22     60     .185567        .2156E+20    77.897    262     77    164    355     74     12
    23     60     .186063        .2229E+20    78.067    261     77    164    354     74     12
    24     60     .186534        .2308E+20    78.885    260     77    164    354     74     12
    25     60     .186909        .2390E+20    80.339    260     77    163    353     74     12
 
 Selected source position for subevent #          2
 isour,ishift          2         330
 
 SINGULAR values, incl. vardat (min., max, max/min)
    2.626940E-13    8.682399E-13        3.305138
 
 Inversion result:
 coefficients of elem.seismograms a(1),a(2),...a(6):
 -.990366E+19  .671121E+19 -.656904E+19 -.620102E+19 -.941617E+19  .000000E+00
 and their sigma_a(1), sigma_a(2),... sigma_a(6):
  .123902E+13  .289401E+13  .367170E+13  .192022E+13  .155417E+13  .000000E+00
 
 moment (Nm):   1.928164E+19
   moment magnitude:   6.8
             VOL % :    .0
              DC % :  74.7
            CLVD % : -25.3
 strike,dip,rake:         15          52        -125
 strike,dip,rake:        244          49         -53
 P-axis azimuth and plunge:        222          62
 T-axis azimuth and plunge:        129           1
 B-axis azimuth and plunge:         39          27
 
 After subtraction of subevent #          2
 weighted variance reduction (used components only):
 varred=   5.249191E-01
 =======================================
 
