     1    284     .392435        .1087E+20    85.247    138     85    178    228     88      4
     2    316     .490260        .2643E+20    84.415     12     43    -94    197     46    -86
     3    316     .459584        .2840E+20    96.719      3     44    -97    193     46    -83
     4    308     .418227        .2149E+20    31.224    348     45   -114    201     49    -67
     5    292     .403842        .2040E+20    87.251    316     82    174     47     84      7
     6    284     .413358        .2535E+20    49.503    314     75    165     47     76     15
     7    284     .435462        .3219E+20    29.464    308     63    152     51     65     29
     8    276     .434268        .3877E+20    47.953     56     60     41    302     55    142
     9    268     .457825        .4755E+20    56.659     59     56     51    295     49    133
    10    268     .481347        .5561E+20    60.805     61     56     55    291     46    129
    11    268     .502638        .6328E+20    63.300     61     56     58    289     45    128
    12    268     .521084        .7062E+20    64.920     60     56     59    288     44    127
    13    268     .536513        .7761E+20    66.151     60     56     60    286     43    127
    14    260     .549114        .8409E+20    68.793     59     57     59    287     43    128
    15    260     .558924        .9033E+20    69.767     59     57     59    286     43    128
    16    260     .566089        .9613E+20    70.793     58     57     59    285     43    128
    17    260     .570840        .1015E+21    71.894     58     57     60    285     43    127
    18    260     .573402        .1064E+21    73.071     58     57     60    285     43    127
    19    260     .574030        .1109E+21    74.297     58     57     60    284     43    127
    20    252     .573192        .1150E+21    76.572     57     57     59    285     43    128
    21    252     .570929        .1188E+21    77.733     57     57     59    285     43    128
    22    252     .567396        .1223E+21    78.865     57     57     59    285     43    128
    23    252     .562745        .1255E+21    79.936     57     56     59    285     43    128
    24    244     .557149        .1283E+21    81.748     57     57     57    286     44    129
    25    244     .550981        .1310E+21    82.527     57     57     57    286     44    129
