     1    312     .585128        .3486E+20    83.779      6     24   -124    223     69    -75
     2    318     .565679        .3177E+20    74.498      7     33   -114    216     60    -74
     3    306     .517555        .2682E+20    99.443    357     35   -119    213     59    -70
     4    258     .482858        .1883E+20    44.997    321     75    169     54     79     14
     5    240     .488389        .2161E+20    93.174    317     74    158     53     69     16
     6    240     .507176        .2612E+20    63.127    315     70    157     52     68     20
     7    240     .515786        .3155E+20    79.415    314     69    157     52     69     21
     8    234     .523194        .3827E+20    90.015    312     67    156     52     68     24
     9    228     .538218        .4620E+20    95.389    308     61    151     53     65     32
    10    228     .559595        .5464E+20    93.855     54     64     39    304     54    147
    11    222     .580685        .6261E+20    90.580     55     63     43    301     51    144
    12    222     .599326        .7044E+20    87.615     55     62     46    299     49    143
    13    222     .614779        .7782E+20    85.616     55     62     48    298     47    142
    14    222     .626857        .8473E+20    84.192     56     62     50    297     46    141
    15    222     .635594        .9111E+20    83.186     56     62     51    296     46    140
    16    222     .641235        .9697E+20    82.515     55     62     51    295     45    139
    17    222     .644049        .1023E+21    82.124     55     62     52    294     45    139
    18    216     .644535        .1066E+21    82.646     55     62     51    295     46    140
    19    216     .642889        .1110E+21    82.593     55     62     51    294     46    139
    20    216     .639454        .1149E+21    82.686     54     62     51    294     46    139
    21    216     .634416        .1184E+21    82.898     54     61     51    294     46    139
    22    210     .628293        .1210E+21    83.704     54     62     50    294     47    140
    23    210     .621240        .1239E+21    83.997     54     62     50    294     47    140
    24    210     .613373        .1265E+21    84.323     54     61     50    294     47    140
    25    210     .604917        .1288E+21    84.676     54     61     49    294     47    139
