     1    324     .427857        .2360E+20    26.704    355     74   -123    242     36    -27
     2    330     .433080        .1928E+20    74.678     15     52   -125    244     49    -53
     3    330     .423322        .1982E+20    88.847     20     48   -117    238     48    -63
     4    336     .395520        .1813E+20    92.556     19     46   -117    236     49    -63
     5    336     .367431        .1716E+20    76.858     16     47   -121    238     50    -60
     6    336     .337627        .1622E+20    56.372     11     49   -128    241     53    -54
     7    336     .330401        .2039E+20    72.404     17     46   -119    236     51    -62
     8    330     .321198        .2558E+20    91.855     22     44   -114    234     50    -68
     9    330     .289062        .2501E+20    90.014     21     44   -116    236     51    -66
    10    330     .250801        .2201E+20    79.926     17     45   -122    240     53    -61
    11     60     .226634        .1917E+20    99.142      1     50     13    263     79    139
    12     60     .214977        .1880E+20    98.650      1     53     12    263     79    142
    13     60     .205651        .1853E+20    95.918      1     56     12    264     79    145
    14     60     .198429        .1840E+20    92.932      0     59     12    264     79    149
    15     60     .193098        .1841E+20    89.950      0     62     12    264     78    152
    16     60     .189387        .1855E+20    87.152    264     78    154    359     65     12
    17     60     .186953        .1881E+20    84.600    264     78    157    359     67     12
    18     60     .185580        .1920E+20    82.420    264     77    159    358     69     12
    19     60     .184955        .1967E+20    80.603    263     77    161    357     71     13
    20     60     .184860        .2023E+20    79.210    263     77    162    357     72     13
    21     60     .185112        .2086E+20    78.296    262     77    163    356     73     13
    22     60     .185567        .2156E+20    77.897    262     77    164    355     74     12
    23     60     .186063        .2229E+20    78.067    261     77    164    354     74     12
    24     60     .186534        .2308E+20    78.885    260     77    164    354     74     12
    25     60     .186909        .2390E+20    80.339    260     77    163    353     74     12
