210515073305 200.0 0.0 0.0 45.0 102.0 5.0 5.0 5.0 14 8 6 2 5 0.6 54 0 0.6 0.1 200. 0.5 33. 5.0  210515073305
210515055223 200.0 0.0 0.0 45.0 92.0 5.0 5.0 5.0 14 8 6 2 5 0.6 54 0 0.6 0.1 200. 0.5 33. 5.0  210515055223
210515042701 200.0 0.0 0.0 45.0 82.0 5.0 5.0 5.0 14 8 6 2 5 0.6 54 0 0.6 0.1 200. 0.5 33. 5.0  210515042701
210515030140 200.0 0.0 0.0 45.0 72.0 5.0 5.0 5.0 14 8 6 2 5 0.6 54 0 0.6 0.1 200. 0.5 33. 5.0  210515030140
210515013620 200.0 0.0 0.0 45.0 62.0 5.0 5.0 5.0 14 8 6 2 5 0.6 54 0 0.6 0.1 200. 0.5 33. 5.0  210515013620
210515000554 200.0 0.0 0.0 45.0 52.0 5.0 5.0 5.0 14 8 6 2 5 0.6 54 0 0.6 0.1 200. 0.5 33. 5.0  210515000554
210514225237 200.0 0.0 0.0 45.0 42.0 5.0 5.0 5.0 14 8 6 2 5 0.6 54 0 0.6 0.1 200. 0.5 33. 5.0  210514225237
210514211842 200.0 0.0 0.0 45.0 32.0 5.0 5.0 5.0 14 8 6 2 5 0.6 54 0 0.6 0.1 200. 0.5 33. 5.0  210514211842
210514194718 200.0 0.0 0.0 45.0 22.0 5.0 5.0 5.0 14 8 6 2 5 0.6 54 0 0.6 0.1 200. 0.5 33. 5.0  210514194718
210514181350 200.0 0.0 0.0 45.0 12.0 5.0 5.0 5.0 14 8 6 2 5 0.6 54 0 0.6 0.1 200. 0.5 33. 5.0  210514181350
210514161437 200.0 90.0 0.0 45.0 102.0 5.0 5.0 10.0 14 10 6 1 5 0.6 54 0 0.6 0.1 200. 0.5 33. 5.0  210514161437
210514135725 200.0 90.0 0.0 45.0 92.0 5.0 5.0 10.0 14 10 6 2 5 0.6 54 0 0.6 0.1 200. 0.5 33. 5.0  210514135725
210514114312 200.0 90.0 0.0 45.0 82.0 5.0 5.0 10.0 14 10 6 3 5 0.6 54 0 0.6 0.1 200. 0.5 33. 5.0  210514114312
210514092034 200.0 90.0 0.0 45.0 72.0 5.0 5.0 10.0 14 10 6 4 5 0.6 54 0 0.6 0.1 200. 0.5 33. 5.0  210514092034
210514062939 200.0 90.0 0.0 45.0 62.0 5.0 5.0 10.0 14 10 6 5 5 0.6 54 0 0.6 0.1 200. 0.5 33. 5.0  210514062939
210514033846 200.0 90.0 0.0 45.0 52.0 5.0 5.0 10.0 14 10 6 6 5 0.6 54 0 0.6 0.1 200. 0.5 33. 5.0  210514033846
210514011421 200.0 90.0 0.0 45.0 42.0 5.0 5.0 10.0 14 10 6 7 5 0.6 54 0 0.6 0.1 200. 0.5 33. 5.0  210514011421
210513225715 200.0 90.0 0.0 45.0 32.0 5.0 5.0 10.0 14 10 6 8 5 0.6 54 0 0.6 0.1 200. 0.5 33. 5.0  210513225715
210513204931 200.0 90.0 0.0 45.0 22.0 5.0 5.0 10.0 14 10 6 9 5 0.6 54 0 0.6 0.1 200. 0.5 33. 5.0  210513204931
210513185859 200.0 90.0 0.0 45.0 12.0 5.0 5.0 10.0 14 10 6 10 5 0.6 54 0 0.6 0.1 200. 0.5 33. 5.0  210513185859
210513180548 110.0 90.0 0.0 45.0 72.0 5.0 5.0 10.0 9 10 3 4 5 0.6 54 0 0.6 0.1 200. 0.5 33. 5.0  210513180548
210517041843 Synthetic test from 210514092034
211012023308 ICMN = 2, but same setting as 210514092034
